FamilyID	HomSap<1>	MusMus<2>	FelCat<3>	EquCab<4>	RouAeg<5>	PteAle<6>	HipArm<7>	RhiFer<8>	DesRot<9>	PhyDis<10>	ArtJam<11>	MolMol<12>	MinNat<13>	MyoMyo<14>	MyoDav<15>	PipKuh<16>	NycAvi<17>	IaIo<18>	EptFus<19>	<20>	<21>	<22>	<23>	<24>	<25>	<26>	<27>	<28>	<29>	<30>	<31>	<32>	<33>	<34>	<35>	<36>	<37>
N0.HOG0000004	0.790676	0.456184	5.36284e-16	0.496766	0.0141054	0.0141054	0.00521481	0.158777	1.71821e-23	0.0393708	5.30096e-08	6.94271e-05	0.000479053	4.79071e-09	1.69984e-09	0.000780936	1.00186e-31	4.75868e-10	2.5919e-09	N/A	0.547642	8.32485e-11	0.613317	0.0559535	0.635813	0.233869	0.749203	0.134548	3.20804e-07	0.740469	0.66929	0.644742	1.00619e-06	0.517322	2.93023e-09	0.287818	0.000108296
N0.HOG0000040	0.054637	0.0178459	0.765933	0.413696	0.689401	0.0145898	0.114441	0.114441	0.00126454	0.227447	0.227447	3.86077e-07	0.000443998	0.122521	0.26002	0.0848083	3.18316e-13	1.1492e-09	6.44157e-12	N/A	0.547642	0.599738	0.535592	6.43856e-06	0.581542	0.464023	0.00202394	0.0744829	0.398145	9.91382e-05	0.0650891	0.601825	0.00439409	1.26397e-17	0.21922	0.287727	0.635863
N0.HOG0000042	7.48127e-22	0.861857	0.826615	0.0887885	0.580311	0.120549	0.64854	0.64854	0.273603	0.764459	0.214412	0.000606251	0.024196	2.55073e-05	1.11281e-10	0.0954658	0.00306324	0.00207023	0.58934	N/A	0.0419758	0.649615	0.557206	0.628326	0.000893834	0.274802	0.131227	0.593794	1.80817e-05	0.638162	0.573891	0.0921278	0.614362	0.615234	0.556246	0.584123	0.557509
N0.HOG0000060	0.054637	0.237147	0.0394337	0.203657	0.61308	0.61308	0.301743	0.697166	0.0929493	0.619233	0.619233	0.707616	0.690055	0.577149	0.116602	0.563262	2.45846e-11	6.73837e-06	0.135223	N/A	0.547642	0.599738	0.535592	0.584079	0.537715	0.680079	0.586951	0.559866	0.631624	0.549186	0.5465	0.53805	0.0504068	0.615234	0.556246	0.584123	0.557509
N0.HOG0000065	0.73863	0.361928	9.07754e-07	6.82941e-19	0.826699	0.321768	0.281556	0.172975	0.33137	0.776674	0.443712	0.188897	0.867449	1.67948e-07	0.360599	0.00194402	5.47281e-21	3.80572e-18	5.72747e-15	N/A	0.532563	7.49753e-13	0.613317	0.00604273	0.643719	0.020082	0.758902	0.703592	0.526767	0.0109092	0.66929	0.644742	0.764084	0.0135069	0.659787	0.33921	0.662623
N0.HOG0000066	8.22432e-11	0.00567494	0.323358	1.79138e-05	0.689401	0.0145898	0.0190236	0.39873	0.635176	4.43799e-06	0.421705	7.1887e-05	0.194675	0.0138782	2.86072e-13	1.14185e-08	1.84133e-16	7.01928e-05	1.3848e-05	N/A	4.30473e-10	0.00309343	0.604791	0.709629	0.610227	0.00349058	0.051177	0.105118	6.18651e-08	2.10915e-06	0.218077	0.611077	0.16037	0.176096	0.633326	0.685202	0.635863
N0.HOG0000089	0.361928	0.361928	0.570672	0.00238694	0.000255207	0.641828	0.787024	0.113685	0.00655643	2.3764e-08	0.776674	0.512079	0.814411	0.693702	0.00023535	0.00915895	0.10107	0.705123	0.145318	N/A	0.532563	4.83798e-06	0.56743	0.647591	0.571218	0.043847	0.65193	0.0640435	0.174721	0.000518862	0.598745	0.0462999	0.000217117	0.190083	0.642528	0.696157	0.645178
N0.HOG0000095	0.16315	0.361928	0.712814	0.712814	0.120549	0.580311	0.301743	0.0386921	0.204329	0.0525831	0.717652	0.774337	0.756596	0.593532	0.00240078	0.00154046	0.57714	0.607754	0.607754	N/A	0.532563	0.570252	0.524168	0.0311961	0.537715	0.274802	0.586951	0.00264692	0.0369634	0.603875	0.573891	0.561	0.636439	0.637426	0.568781	0.601687	0.570289
N0.HOG0000096	0.361928	0.16315	0.0394337	0.00181121	0.0654531	0.00340984	0.697166	0.697166	0.651476	0.0696379	0.619233	0.707616	0.642394	0.0214243	0.541069	0.533273	0.533273	0.0721351	0.548079	N/A	0.532563	0.0378415	0.535592	0.584079	0.537715	0.680079	0.586951	0.559866	0.631624	0.549186	0.5465	0.057208	0.563003	0.563537	0.529407	0.545059	0.530099
N0.HOG0000097	0.00249775	0.00526951	0.270126	4.93804e-08	0.689401	0.000994028	0.524415	0.0843836	0.0476644	0.750719	0.195922	0.177047	0.814411	0.0947342	0.230284	0.0173208	0.21016	0.682056	0.000167465	N/A	0.575615	0.00123385	0.586788	0.681314	0.591474	0.138367	0.686145	0.63728	0.751668	0.0690207	0.610303	0.592208	0.130621	0.707407	0.0675584	0.673507	0.626126
N0.HOG0000111	0.73863	0.16315	0.712814	0.712814	0.641828	0.216241	0.243477	0.243477	0.28527	0.0922914	0.227447	0.000985929	0.163129	0.559688	0.0898804	0.548655	0.0258095	0.569491	0.569491	N/A	0.532563	0.570252	0.524168	0.0023756	0.549323	0.716727	0.010274	0.577372	0.663278	0.563935	0.56053	0.549753	0.173657	0.5907	0.543132	0.565282	0.544123
N0.HOG0000138	0.00317254	0.456184	0.765933	0.011659	0.0104679	0.171088	0.130804	0.301743	0.230203	0.000541577	0.180514	0.140446	0.124474	0.0898804	0.00263032	0.000481918	0.548655	0.569491	0.569491	N/A	0.547642	0.599738	0.535592	0.584079	0.537715	0.680079	0.586951	0.559866	0.631624	0.549186	0.5465	0.53805	0.589976	0.5907	0.543132	0.565282	0.544123
N0.HOG0000159	0.054637	0.237147	0.765933	0.000348859	0.61308	0.00340984	0.130804	0.301743	0.0132664	0.776674	5.17239e-06	0.657722	0.21415	0.541069	0.0616125	0.533273	0.533273	0.0721351	0.548079	N/A	0.547642	0.599738	0.535592	0.584079	0.537715	0.680079	0.586951	0.559866	0.0783108	2.66282e-11	0.0699539	0.525871	0.563003	0.563537	0.529407	0.545059	0.530099
N0.HOG0000161	0.0146668	0.0495465	0.00266251	0.162731	0.019568	0.709105	0.161965	0.00616559	0.101176	0.176662	0.00286311	0.0202925	0.0147045	0.636933	0.000287363	0.614786	0.0115613	0.0992614	0.655507	N/A	0.00865648	0.128821	0.586788	0.681314	0.591474	0.494753	0.686145	0.63728	0.751668	0.615884	0.610303	0.592208	0.691148	0.692332	0.603188	0.647657	0.605296
N0.HOG0000188	6.65125e-06	0.456184	0.765933	0.203657	0.542872	0.542872	0.223459	0.64854	0.165744	0.585013	0.0465734	0.237388	0.21415	0.559688	4.41783e-08	0.0258095	0.000481918	0.569491	0.0378698	N/A	0.547642	0.599738	0.535592	0.126861	0.525639	0.201306	0.560775	0.541195	0.594604	0.533646	0.531762	0.525871	0.0336623	0.5907	0.543132	0.565282	0.544123
N0.HOG0000191	0.651962	0.651962	0.139021	0.139021	0.580311	0.120549	0.584708	0.584708	0.00270838	0.00729741	0.649005	0.707616	0.290501	0.541069	0.0616125	0.57714	0.0429187	0.58934	0.050396	N/A	0.516697	0.0189177	0.524168	0.558668	0.525639	0.633903	0.0911958	0.0214934	0.0783108	0.563935	0.5465	0.53805	0.589976	0.13693	0.0227209	0.0470934	0.557509
N0.HOG0000213	0.73863	0.361928	0.826615	0.826615	0.128034	5.02052e-05	0.113685	0.787024	0.802951	0.776674	0.232134	0.0146345	0.798941	0.661709	6.05084e-10	0.602864	0.602864	0.0872731	0.640736	N/A	0.532563	0.000102546	0.557206	0.0773355	0.571218	0.769828	0.65193	0.0640435	0.00735161	0.0857668	0.598745	0.582209	0.674625	0.0023056	0.592226	0.633369	0.594155
N0.HOG0000233	0.651962	0.651962	0.139021	0.321714	0.542872	0.542872	0.64854	0.0182071	0.610341	0.585013	0.127617	0.237388	0.21415	0.541069	0.541069	0.0258095	0.548655	0.00363005	0.569491	N/A	0.516697	0.0189177	0.524168	0.558668	0.525639	0.201306	0.560775	0.541195	0.594604	0.533646	0.531762	0.525871	0.563003	0.563537	0.0151528	0.565282	0.544123
N0.HOG0000237	0.054637	0.0178459	0.80165	1.05583e-06	0.171088	0.61308	0.00244117	0.734646	0.77557	9.66644e-05	0.750719	0.382676	0.35261	0.0533388	0.00240078	1.98573e-06	7.25149e-13	0.655507	1.77201e-11	N/A	0.547642	0.0566403	0.546599	0.607223	0.549323	0.335376	0.610706	0.577372	0.000110736	0.0690207	0.56053	0.549753	0.0669871	0.637426	0.00371909	0.633369	0.0540304
N0.HOG0000240	0.361928	0.73863	0.712814	0.321714	0.120549	0.580311	0.0182071	0.64854	3.43112e-05	0.545573	0.545573	0.237388	0.0165067	0.0616125	0.0214243	0.0172144	0.533273	0.524967	0.524967	N/A	0.532563	0.570252	0.524168	0.558668	0.525639	0.633903	0.560775	0.541195	0.594604	0.0504746	0.531762	0.525871	0.563003	0.563537	0.529407	0.545059	0.0451529
N0.HOG0000243	0.361928	9.76931e-06	0.712814	0.00437897	0.542872	0.542872	0.697166	0.00333159	0.610341	6.11658e-07	0.127617	0.237388	0.642394	0.0898804	0.559688	0.548655	0.548655	0.569491	0.569491	N/A	0.532563	0.570252	0.524168	0.558668	0.525639	0.201306	0.0323918	0.541195	0.594604	0.533646	0.531762	0.525871	0.0336623	0.5907	0.543132	0.565282	0.544123
N0.HOG0000246	0.823751	0.00648998	0.113625	1.20148e-06	0.641828	0.0180109	0.584708	0.584708	0.28527	0.717652	3.59426e-05	0.237388	0.642394	0.541069	0.541069	0.533273	0.533273	0.548079	0.548079	N/A	0.56198	0.626066	0.00161344	0.16266	0.537715	0.115886	0.00180475	0.559866	0.0783108	6.93558e-05	0.0699539	0.525871	0.563003	0.563537	0.529407	0.545059	0.530099
N0.HOG0000249	0.651962	0.651962	0.630838	0.00136632	0.542872	0.542872	0.584708	0.584708	0.560554	0.00108626	0.545573	2.20283e-06	0.21415	0.0616125	0.541069	0.0172144	0.0499143	0.0721351	0.548079	N/A	0.516697	0.537172	0.512311	0.530736	0.513075	0.575211	0.531897	0.521271	0.551158	0.517268	0.00820321	0.525871	0.563003	0.563537	0.529407	0.545059	0.530099
N0.HOG0000265	0.0117473	0.113653	0.0394337	0.011659	0.542872	0.542872	0.130804	0.301743	0.165744	0.585013	0.585013	0.318354	0.727249	0.116602	0.0427577	0.0954658	0.563262	0.58934	6.73837e-06	N/A	0.00163996	0.599738	0.535592	0.584079	0.537715	0.0116509	0.586951	0.559866	0.199547	0.533646	0.5465	0.0199169	0.614362	0.615234	0.556246	0.584123	0.557509
N0.HOG0000271	0.790676	0.113289	0.765933	0.0865802	0.0104679	0.00340984	0.015143	0.697166	0.000517534	0.764459	0.764459	0.0985327	0.403702	2.5134e-07	0.141878	0.57714	0.57714	0.163796	0.607754	N/A	0.547642	0.599738	0.535592	0.584079	0.537715	0.680079	0.586951	0.00264692	1.80817e-05	0.638162	0.573891	0.561	0.636439	0.637426	0.568781	0.601687	0.570289
N0.HOG0000277	0.237147	0.00317254	0.413696	0.413696	0.171088	0.61308	0.00258357	0.243477	0.165744	0.0465734	0.585013	0.707616	0.690055	0.000110933	4.47077e-08	0.156574	1.00996e-11	0.215729	9.47898e-08	N/A	0.547642	0.599738	0.535592	0.584079	0.537715	0.680079	0.000188424	0.559866	0.199547	0.533646	0.5465	0.53805	0.000210838	0.657529	0.0452997	0.633369	0.594155
N0.HOG0000280	0.206658	1.04562e-07	0.826615	0.00700794	0.667111	0.0268829	0.208754	0.0402208	0.610341	0.585013	0.585013	0.382676	0.024196	0.593532	0.141878	0.00227293	0.590327	0.655507	0.0992614	N/A	0.575615	0.649615	0.557206	0.628326	0.560485	0.746084	0.632291	0.14228	0.0093062	0.533646	0.56053	0.549753	0.0669871	0.637426	0.0378012	0.618073	0.00554472
N0.HOG0000288	0.361928	0.73863	0.00181121	0.0394337	0.641828	0.00641799	0.0267774	1.91866e-07	0.714166	0.000144521	0.000668492	2.47325e-10	0.000146432	0.0533388	5.85658e-05	5.65932e-05	0.590327	0.669253	0.669253	N/A	0.532563	0.0378415	0.535592	0.0467247	0.549323	0.716727	0.610706	0.042895	0.690445	0.577939	0.573891	0.561	0.636439	0.637426	0.0378012	0.618073	0.000162231
N0.HOG0000298	0.73863	0.73863	0.139021	0.00437897	0.0437592	0.580311	0.584708	0.584708	0.610341	0.0465734	0.585013	0.657722	0.0352914	0.0616125	0.541069	0.548655	0.0258095	0.104722	0.569491	N/A	0.532563	0.570252	0.524168	0.558668	0.525639	0.633903	0.0911958	0.541195	0.594604	0.533646	0.531762	0.0132817	0.589976	0.13693	0.543132	0.565282	0.544123
N0.HOG0000300	0.522344	0.300251	0.826615	3.31751e-09	0.641828	0.641828	0.223459	0.223459	0.685639	0.180514	0.619233	0.000985929	0.35261	0.577149	2.55073e-05	0.00902442	0.602864	0.624851	0.0137983	N/A	0.56198	0.626066	0.0247527	0.607223	0.549323	0.716727	0.00345181	0.577372	0.663278	0.0964887	0.56053	0.549753	0.614362	0.615234	0.0023911	0.0702497	0.582495
N0.HOG0000316	0.651962	0.651962	0.0865802	0.0394337	0.0654531	0.00340984	0.015143	6.13979e-08	4.62607e-17	0.619233	0.619233	0.140446	0.290501	1.47658e-06	0.559688	0.533273	0.0499143	0.569491	0.569491	N/A	0.516697	0.00071679	0.535592	0.584079	0.537715	0.680079	0.586951	0.559866	0.631624	0.549186	0.5465	0.53805	0.589976	0.5907	0.543132	0.0983464	0.544123
N0.HOG0000317	7.59713e-14	0.456184	0.413696	0.0865802	0.580311	0.580311	0.130804	0.697166	0.00723567	0.000541577	0.619233	0.183314	0.35261	0.593532	0.593532	0.0429187	0.57714	0.163796	0.000390962	N/A	0.547642	0.599738	0.535592	0.584079	0.537715	0.274802	0.586951	0.559866	0.631624	0.549186	0.0245994	0.549753	0.0669871	0.637426	0.568781	0.601687	0.570289
N0.HOG0000334	0.361928	0.73863	0.712814	9.95762e-13	0.580311	0.580311	1.43806e-06	0.64854	0.610341	0.00523611	0.127617	0.657722	0.642394	0.577149	3.643e-09	0.548655	0.548655	0.104722	0.00363005	N/A	0.532563	0.570252	0.524168	0.558668	0.525639	0.633903	0.560775	0.541195	0.594604	0.533646	0.531762	0.525871	0.0336623	0.050863	0.543132	0.565282	0.544123
N0.HOG0000337	0.651962	0.651962	0.139021	0.321714	0.641828	0.216241	0.000450332	0.763896	0.011459	0.717652	0.156638	0.745359	0.00611167	0.116602	0.577149	0.548655	0.548655	0.0064142	0.58934	N/A	0.516697	0.0189177	0.524168	0.0023756	0.549323	0.716727	0.0644815	0.577372	0.00166911	0.603875	0.56053	0.549753	0.614362	0.615234	0.556246	0.127246	0.557509
N0.HOG0000343	0.651962	0.651962	0.413696	0.203657	0.61308	0.0654531	0.301743	0.130804	0.651476	0.0696379	0.180514	0.745359	0.727249	0.0101667	0.608912	0.590327	0.590327	0.669253	0.000114484	N/A	0.516697	0.00071679	0.535592	0.584079	0.537715	0.680079	0.586951	0.559866	0.631624	0.549186	0.0245994	0.549753	0.0110459	0.657529	0.580766	0.618073	0.000162231
N0.HOG0000344	0.054637	0.000715679	0.00181121	0.413696	0.580311	0.580311	0.301743	7.78546e-16	0.651476	0.649005	0.649005	1.07489e-07	0.0136007	0.00263032	0.000759108	0.548655	0.548655	0.569491	0.00363005	N/A	0.547642	0.599738	0.535592	0.584079	0.537715	0.274802	0.586951	0.559866	0.631624	0.0261092	0.5465	0.53805	0.589976	0.5907	0.543132	0.565282	0.544123
N0.HOG0000350	0.237147	0.054637	0.0887885	0.0887885	0.580311	0.580311	0.0879372	0.763896	0.22879	5.30153e-06	0.369951	0.318354	0.290501	0.541069	0.541069	0.548655	0.0258095	0.569491	0.104722	N/A	0.547642	0.0566403	0.0247527	0.607223	0.549323	0.020898	0.0644815	0.577372	0.000110736	0.615884	0.0913164	0.53805	0.589976	0.13693	0.543132	0.565282	0.544123
N0.HOG0000352	0.113289	0.054637	0.413696	0.011659	0.120549	0.580311	0.130804	0.697166	0.230203	0.0696379	0.180514	0.0706794	0.024196	0.000410802	0.000110933	0.0514133	5.65932e-05	0.0751205	0.624851	N/A	0.547642	0.599738	0.535592	0.584079	0.537715	0.274802	0.586951	0.559866	0.631624	0.549186	0.0245994	0.549753	0.0110459	0.657529	0.580766	0.618073	0.582495
N0.HOG0000360	0.361928	0.73863	0.139021	0.321714	0.120549	0.580311	0.130804	0.697166	0.12267	0.0922914	0.227447	0.183314	0.163129	0.559688	0.000759108	3.88654e-08	1.2706e-05	0.135223	0.58934	N/A	0.532563	0.570252	0.524168	0.0311961	0.537715	0.274802	0.586951	0.0322167	0.663278	0.563935	0.56053	0.549753	0.614362	0.175004	0.556246	0.584123	0.557509
N0.HOG0000361	0.361928	0.73863	0.413696	9.50029e-09	0.580311	0.120549	0.584708	0.584708	1.59553e-07	0.619233	0.619233	0.382676	0.0811454	5.85658e-05	0.0533388	0.00154046	0.0429187	0.624851	0.000657844	N/A	0.532563	0.0378415	0.535592	0.584079	0.0567033	0.633903	0.0911958	0.0322167	0.663278	0.0964887	0.56053	0.0265411	0.636439	0.637426	0.568781	0.601687	0.0387151
N0.HOG0000368	0.361928	0.16315	0.011659	0.0394337	0.171088	0.0654531	0.015143	4.20734e-05	0.651476	0.619233	0.180514	0.140446	0.0136007	2.04124e-19	0.00240078	0.563262	1.2706e-05	0.607754	9.12252e-10	N/A	0.532563	0.0378415	0.535592	0.584079	0.537715	0.680079	0.586951	0.559866	0.631624	0.549186	0.5465	0.53805	0.0504068	0.0675896	0.556246	0.584123	0.0310062
N0.HOG0000375	0.651962	0.651962	0.068977	0.630838	0.542872	0.542872	0.584708	0.0439698	0.560554	0.545573	0.545573	0.590834	0.580681	0.559688	0.559688	0.533273	0.000730966	0.0252716	0.0721351	N/A	0.516697	0.537172	0.512311	0.530736	0.513075	0.575211	0.531897	0.521271	0.551158	0.517268	0.516276	0.513196	0.0168293	0.033968	0.529407	0.545059	0.530099
N0.HOG0000376	0.361928	0.73863	0.0865802	0.413696	0.0004522	0.171088	0.64854	0.64854	0.332592	0.135871	0.135871	0.0706794	0.00207823	0.0533388	5.85658e-05	0.116747	0.0429187	9.12252e-10	0.163796	N/A	0.532563	0.0378415	0.535592	0.584079	0.537715	0.680079	0.131227	0.0322167	0.103635	0.0434148	0.56053	0.549753	0.0669871	0.637426	0.568781	0.601687	0.570289
N0.HOG0000389	0.054637	0.237147	0.00378799	0.260845	0.61308	0.61308	0.64854	0.64854	0.0497721	0.67498	0.67498	0.183314	0.727249	0.0427577	0.577149	0.563262	0.034381	0.050396	0.58934	N/A	0.547642	0.0566403	0.546599	0.607223	0.0743223	0.680079	0.131227	0.577372	0.103635	0.577939	0.56053	0.549753	0.614362	0.615234	0.556246	0.584123	0.557509
N0.HOG0000390	0.361928	0.0592282	0.321714	0.321714	0.00340984	0.61308	0.301743	0.130804	0.178467	0.697707	0.306518	0.04612	0.756596	0.0638403	0.000110933	0.590327	6.06428e-06	0.190587	0.624851	N/A	0.532563	0.570252	0.524168	0.0311961	0.537715	0.680079	0.586951	0.00264692	0.128214	0.591239	0.573891	0.561	0.0833424	0.657529	0.580766	0.618073	0.582495
N0.HOG0000398	0.361928	0.000271331	0.321714	0.321714	0.580311	0.580311	0.301743	6.13979e-08	0.0497721	0.67498	0.67498	0.318354	0.290501	0.608912	0.608912	0.00154046	0.00475011	0.0628212	0.00335604	N/A	0.532563	0.570252	0.524168	0.0311961	0.537715	0.274802	0.586951	0.559866	0.0147491	0.577939	0.5465	0.53805	0.00632753	0.0840854	0.568781	0.601687	0.570289
N0.HOG0000405	0.054637	0.00317254	0.0865802	0.413696	0.61308	0.171088	0.015143	4.92522e-06	0.28527	0.697707	0.0409238	0.707616	0.0136007	5.59755e-05	0.000759108	7.60163e-12	0.548655	0.569491	0.0378698	N/A	0.547642	0.599738	0.535592	0.584079	0.537715	0.680079	0.586951	0.559866	0.0783108	0.00313261	0.5465	0.53805	0.589976	0.5907	0.543132	0.565282	0.544123
N0.HOG0000409	0.361928	0.73863	0.310514	0.0887885	0.086802	0.216241	0.364824	0.734646	0.000424624	0.67498	0.26922	0.00307323	0.727249	0.0427577	0.116602	0.0954658	6.70417e-05	0.569491	0.569491	N/A	0.532563	0.00347855	0.0247527	0.607223	0.549323	0.716727	0.610706	0.577372	0.103635	0.577939	0.56053	0.549753	0.614362	0.615234	0.556246	0.584123	0.0867304
N0.HOG0000410	0.651962	0.651962	0.712814	0.712814	0.542872	0.542872	0.223459	0.64854	0.610341	0.0465734	0.585013	0.000606251	0.403702	0.000638137	0.623358	1.98573e-06	0.00902442	0.0067141	2.05192e-06	N/A	0.516697	0.0189177	0.524168	0.558668	0.525639	0.201306	0.560775	0.541195	0.594604	0.533646	8.62071e-06	0.561	0.0167249	0.675764	0.592226	0.633369	0.594155
N0.HOG0000447	0.651962	0.651962	0.630838	0.630838	0.542872	0.542872	0.223459	0.000132182	0.00926804	0.585013	0.127617	0.0947479	0.21415	0.00263032	0.0898804	7.09824e-17	0.000481918	0.104722	2.82445e-06	N/A	0.516697	0.537172	0.512311	0.0155967	0.525639	0.201306	0.560775	0.541195	0.594604	0.533646	0.531762	0.525871	0.0336623	0.5907	0.543132	0.565282	0.544123
N0.HOG0000448	0.000154939	0.456184	0.000348859	0.0394337	0.542872	0.542872	0.301743	0.697166	0.651476	0.619233	0.619233	0.707616	0.163129	0.577149	0.577149	0.57714	0.57714	0.163796	0.000390962	N/A	0.547642	0.599738	0.535592	0.584079	0.537715	0.0116509	0.586951	0.559866	0.631624	0.549186	0.5465	0.0199169	0.614362	0.615234	0.0302728	0.601687	0.570289
N0.HOG0000466	0.054637	0.237147	0.011659	0.0394337	0.0654531	0.00340984	0.015143	0.00333159	0.0497721	0.67498	0.26922	6.23083e-10	0.0136007	0.0321133	0.000759108	0.548655	0.000481918	0.00107164	0.569491	N/A	0.547642	0.599738	0.535592	0.584079	0.537715	0.680079	0.586951	0.0322167	0.103635	0.577939	0.56053	0.0749722	0.589976	0.5907	0.543132	0.565282	0.544123
N0.HOG0000472	0.054637	0.000154939	0.80165	5.69742e-06	0.086802	0.641828	0.301743	0.697166	0.651476	0.0117879	0.180514	0.657722	0.21415	0.0011286	0.541069	0.533273	0.0172144	0.548079	0.548079	N/A	0.547642	0.599738	0.0185735	0.584079	0.537715	0.115886	0.586951	0.559866	0.631624	0.549186	0.0699539	0.525871	0.563003	0.563537	0.529407	0.545059	0.530099
N0.HOG0000496	0.361928	0.0592282	0.203657	0.203657	0.120549	0.580311	0.223459	0.64854	0.610341	0.545573	0.545573	0.237388	0.642394	0.559688	0.0898804	0.034381	0.563262	0.104722	0.569491	N/A	0.532563	0.570252	0.0123854	0.558668	0.525639	0.633903	0.560775	0.541195	0.594604	0.0504746	0.531762	0.525871	0.0336623	0.5907	0.543132	0.0353798	0.544123
N0.HOG0000517	0.361928	0.73863	0.321714	0.712814	0.542872	0.542872	0.64854	0.64854	0.651476	0.0696379	0.180514	0.237388	0.21415	0.559688	0.0321133	0.563262	6.70417e-05	0.104722	0.569491	N/A	0.532563	0.570252	0.524168	0.558668	0.525639	0.201306	0.560775	0.541195	0.0524154	0.549186	0.531762	0.525871	0.0336623	0.5907	0.543132	0.0353798	0.544123
N0.HOG0000524	0.651962	0.0805696	0.630838	0.630838	0.580311	0.0437592	0.0386921	0.697166	0.610341	0.127617	0.585013	0.657722	0.124474	0.577149	0.577149	2.93356e-05	0.0732063	0.00107164	0.569491	N/A	0.516697	0.537172	0.512311	0.0155967	0.525639	0.633903	0.0323918	0.541195	0.594604	0.533646	0.531762	0.0132817	0.589976	0.050863	0.543132	0.565282	0.544123
N0.HOG0000529	0.237147	0.0178459	0.413696	6.43975e-05	0.580311	0.580311	0.64854	0.64854	0.651476	0.585013	0.585013	0.140446	0.690055	0.00263032	0.0898804	0.00171346	0.548655	0.104722	0.0378698	N/A	0.547642	0.599738	0.535592	0.584079	0.0567033	0.633903	0.560775	0.559866	0.631624	0.0740091	0.5465	0.53805	0.589976	0.5907	0.543132	0.565282	0.544123
N0.HOG0000544	0.651962	0.651962	0.630838	0.630838	0.542872	0.542872	0.584708	0.584708	0.560554	0.545573	0.545573	0.590834	0.580681	0.559688	0.0898804	0.1371	0.0067459	8.99134e-25	0.640736	N/A	0.516697	0.537172	0.512311	0.530736	0.513075	0.575211	0.531897	0.521271	0.551158	0.517268	0.516276	0.513196	0.000567094	0.5907	2.01085e-05	0.618073	0.046392
N0.HOG0000570	0.651962	0.0805696	0.630838	0.630838	0.0654531	0.171088	0.015143	0.0386921	0.0204154	0.619233	0.619233	9.07045e-07	0.0136007	0.559688	0.000759108	0.000941493	0.034381	0.607754	0.0628212	N/A	0.516697	0.537172	0.512311	0.000486987	0.537715	0.680079	0.586951	0.559866	0.631624	0.549186	0.5465	0.53805	0.589976	0.5907	0.0227209	0.584123	0.0310062
N0.HOG0000574	0.790676	0.790676	0.203657	0.00181121	0.0654531	0.00340984	0.64854	0.64854	0.0929493	0.0117879	0.180514	0.140446	0.690055	0.541069	0.541069	0.548655	0.0732063	0.00363005	0.569491	N/A	0.547642	0.599738	0.535592	0.584079	0.537715	0.680079	0.131227	0.559866	0.631624	0.549186	0.5465	0.53805	0.589976	0.13693	0.543132	0.565282	0.544123
N0.HOG0000587	0.361928	0.73863	0.00437897	0.321714	0.542872	0.542872	0.223459	0.64854	0.610341	0.585013	0.0465734	9.07045e-07	0.0136007	0.00467369	0.00147437	1.50359e-06	1.2706e-05	0.58934	0.000206017	N/A	0.532563	0.570252	0.524168	0.558668	0.525639	0.201306	0.560775	0.541195	0.594604	0.533646	0.0164066	0.53805	0.0504068	0.615234	0.556246	0.584123	0.557509
N0.HOG0000597	0.361928	0.73863	0.712814	0.321714	0.580311	0.120549	0.584708	0.584708	0.610341	0.585013	0.585013	0.0947479	0.21415	4.41783e-08	0.559688	0.0172144	0.0499143	0.548079	0.0252716	N/A	0.532563	0.570252	0.524168	0.558668	0.525639	0.633903	0.0911958	0.541195	0.594604	0.533646	0.531762	0.525871	0.563003	0.033968	0.529407	0.545059	0.530099
N0.HOG0000599	0.651962	0.651962	0.712814	0.321714	0.00340984	0.0654531	0.301743	0.697166	0.230203	0.619233	0.619233	0.00851582	0.163129	0.559688	0.559688	6.70417e-05	0.563262	0.135223	0.58934	N/A	0.516697	0.0189177	0.524168	0.0311961	0.537715	0.680079	0.586951	0.559866	0.631624	0.549186	0.0245994	0.549753	0.614362	0.175004	0.556246	0.584123	0.557509
N0.HOG0000600	0.651962	0.0805696	0.630838	0.630838	0.61308	0.00340984	0.00333159	0.301743	0.651476	0.180514	0.619233	0.707616	0.0136007	0.593532	0.593532	0.0429187	0.116747	0.607754	0.607754	N/A	0.516697	0.537172	0.512311	0.000486987	0.537715	0.680079	0.586951	0.559866	0.631624	0.549186	0.5465	0.53805	0.00632753	0.637426	0.568781	0.601687	0.570289
N0.HOG0000606	0.361928	0.73863	0.712814	0.321714	0.542872	0.542872	0.697166	0.000343565	0.651476	0.619233	0.00389253	1.07489e-07	0.0136007	0.559688	0.000759108	0.563262	0.00306324	0.0378698	0.569491	N/A	0.532563	0.570252	0.524168	0.0311961	0.537715	0.0116509	0.586951	0.559866	0.631624	0.549186	0.5465	0.53805	0.589976	0.5907	0.543132	0.0353798	0.544123
N0.HOG0000609	0.0805696	0.651962	0.630838	0.630838	0.542872	0.542872	0.697166	0.000343565	0.560554	0.0232798	0.545573	4.10098e-05	0.580681	0.521204	0.521204	0.533273	0.533273	0.548079	0.0252716	N/A	0.516697	0.537172	0.512311	0.530736	0.513075	0.575211	0.000525061	0.521271	0.551158	0.517268	0.516276	0.513196	0.533129	0.533425	0.00757633	0.545059	0.530099
N0.HOG0000611	0.73863	0.0592282	0.321714	0.321714	0.580311	0.120549	0.64854	0.00120437	0.00270838	0.227447	0.649005	0.140446	0.0136007	0.559688	0.0898804	0.533273	0.533273	0.607754	0.0628212	N/A	0.532563	0.570252	0.524168	0.558668	0.525639	0.633903	0.560775	0.0214934	0.0783108	0.563935	0.5465	0.53805	0.589976	0.5907	0.543132	0.0983464	0.00139792
N0.HOG0000621	0.651962	0.651962	0.630838	0.630838	0.542872	0.542872	0.584708	0.584708	0.560554	0.545573	0.545573	0.590834	0.580681	1.0226e-17	0.521204	0.517071	0.517071	0.524967	0.524967	N/A	0.516697	0.537172	0.512311	0.530736	0.513075	0.575211	0.531897	0.521271	0.551158	0.517268	0.516276	0.513196	0.533129	0.533425	0.515041	0.52334	0.515404
N0.HOG0000630	0.16315	0.361928	0.712814	2.0645e-05	0.580311	0.580311	0.64854	0.223459	0.610341	0.585013	0.585013	0.657722	0.642394	0.559688	0.559688	0.57714	0.00475011	0.00207023	0.0064142	N/A	0.532563	0.570252	0.524168	0.558668	0.525639	0.633903	0.560775	0.541195	0.594604	0.533646	0.531762	0.525871	0.0336623	0.5907	0.0227209	0.0470934	0.557509
N0.HOG0000648	0.361928	0.73863	9.95762e-13	0.712814	0.120549	0.580311	0.64854	0.64854	0.610341	0.585013	0.585013	0.657722	0.642394	0.541069	0.541069	0.548655	0.548655	0.569491	0.0378698	N/A	0.532563	0.570252	0.524168	0.558668	0.525639	0.633903	0.560775	0.541195	0.594604	0.533646	0.531762	0.525871	0.563003	0.563537	0.0151528	0.565282	0.544123
N0.HOG0000650	0.651962	0.651962	0.712814	0.712814	0.580311	0.580311	0.697166	0.697166	0.651476	0.0117879	0.619233	0.0441237	0.690055	0.00263032	0.559688	0.0732063	0.548655	0.58934	0.58934	N/A	0.516697	0.0189177	0.524168	0.0311961	0.537715	0.274802	0.586951	0.559866	0.631624	0.549186	0.5465	0.53805	0.589976	0.5907	0.543132	0.565282	0.0232722
N0.HOG0000661	0.361928	0.16315	0.203657	0.765933	0.580311	0.580311	0.301743	0.697166	0.0929493	0.0696379	0.180514	0.707616	0.290501	0.00263032	0.559688	0.548655	0.0732063	0.0378698	0.569491	N/A	0.532563	0.0378415	0.535592	0.584079	0.537715	0.274802	0.586951	0.559866	0.631624	0.549186	0.5465	0.53805	0.589976	0.5907	0.543132	0.565282	0.544123
N0.HOG0000663	0.361928	0.73863	0.712814	0.712814	0.120549	0.580311	0.584708	0.584708	0.610341	0.0465734	0.127617	0.0947479	0.21415	0.0011286	0.541069	0.0172144	0.533273	0.548079	0.0721351	N/A	0.532563	0.570252	0.524168	0.558668	0.525639	0.633903	0.0911958	0.541195	0.594604	0.533646	0.531762	0.525871	0.563003	0.563537	0.529407	0.545059	0.530099
N0.HOG0000667	0.651962	0.651962	0.630838	0.630838	0.0437592	0.580311	0.64854	0.0182071	0.165744	0.619233	0.619233	0.657722	0.642394	0.0616125	0.541069	0.533273	0.533273	0.548079	0.0721351	N/A	0.516697	0.537172	0.512311	0.0155967	0.525639	0.633903	0.560775	0.541195	0.594604	0.0174145	0.531762	0.525871	0.563003	0.563537	0.529407	0.545059	0.530099
N0.HOG0000680	0.361928	0.73863	0.064772	0.0231569	0.0104679	0.00340984	0.301743	0.000343565	3.43112e-05	0.545573	0.545573	0.657722	0.21415	0.541069	0.541069	0.533273	0.533273	0.548079	0.548079	N/A	0.532563	0.0378415	0.0185735	0.584079	0.537715	0.680079	0.586951	0.0901501	0.594604	0.0504746	0.531762	0.525871	0.563003	0.563537	0.529407	0.545059	0.530099
N0.HOG0000682	0.73863	0.00680445	0.712814	0.321714	0.580311	0.120549	0.223459	0.64854	0.651476	0.649005	0.649005	0.707616	0.0136007	0.0321133	0.000759108	0.0732063	1.49991e-08	2.82445e-06	0.00107164	N/A	0.532563	0.570252	0.524168	0.558668	0.525639	0.633903	0.560775	0.0214934	0.631624	0.0261092	0.5465	0.53805	0.589976	0.5907	0.543132	0.565282	0.544123
N0.HOG0000708	0.651962	0.651962	0.630838	0.630838	0.542872	0.542872	0.584708	0.584708	0.560554	0.545573	0.545573	0.590834	0.580681	0.559688	0.559688	0.533273	0.533273	0.0721351	3.11012e-05	N/A	0.516697	0.537172	0.512311	0.530736	0.513075	0.575211	0.531897	0.521271	0.551158	0.517268	0.516276	0.513196	0.0168293	0.033968	0.529407	0.545059	0.530099
N0.HOG0000712	0.790676	0.790676	0.765933	0.765933	0.61308	0.61308	0.697166	0.697166	0.685639	0.00729741	0.00119523	0.707616	0.0136007	0.559688	0.000759108	0.517071	0.517071	0.569491	0.569491	N/A	0.547642	0.599738	0.535592	0.584079	0.537715	0.680079	0.586951	0.559866	0.0783108	0.563935	0.5465	0.53805	0.589976	0.5907	0.543132	0.000929366	0.544123
N0.HOG0000713	0.73863	0.0592282	0.712814	0.712814	0.580311	0.120549	0.223459	0.0881139	0.610341	0.0465734	0.585013	0.0947479	0.21415	1.25989e-09	0.0898804	0.548655	0.0258095	0.0378698	0.569491	N/A	0.532563	0.570252	0.524168	0.558668	0.525639	0.633903	0.560775	0.541195	0.594604	0.533646	0.531762	0.525871	0.0336623	0.5907	0.543132	0.565282	0.544123
N0.HOG0000715	0.651962	0.651962	0.712814	0.321714	0.0104679	0.171088	0.697166	0.301743	5.34473e-08	0.619233	0.180514	0.000449906	0.21415	0.521204	0.521204	0.0172144	0.0499143	0.548079	0.00156582	N/A	0.516697	0.0189177	0.524168	0.0311961	0.537715	0.680079	0.586951	0.559866	0.631624	0.549186	0.5465	0.057208	0.563003	0.0953441	0.529407	0.545059	0.530099
N0.HOG0000718	0.361928	0.16315	0.139021	0.321714	0.120549	0.0437592	0.64854	0.000132182	0.610341	1.0959e-05	0.585013	0.237388	0.642394	0.559688	0.0898804	0.0732063	0.548655	0.569491	0.0378698	N/A	0.532563	0.570252	0.524168	0.558668	0.525639	0.633903	0.560775	0.541195	0.594604	0.533646	0.531762	0.525871	0.0336623	0.5907	0.543132	0.565282	0.544123
N0.HOG0000725	0.361928	0.16315	0.011659	0.203657	0.120549	0.580311	0.584708	0.584708	0.0623076	0.585013	0.127617	0.0947479	0.642394	0.559688	0.0321133	0.548655	0.548655	0.58934	0.050396	N/A	0.532563	0.570252	0.0123854	0.558668	0.525639	0.633903	0.0911958	0.541195	0.594604	0.533646	0.531762	0.525871	0.0336623	0.5907	0.543132	0.565282	0.0232722
N0.HOG0000726	5.82114e-14	0.361928	0.712814	0.712814	0.120549	0.580311	0.64854	0.64854	0.610341	0.585013	0.585013	0.657722	0.642394	0.541069	0.0616125	0.533273	0.0499143	0.548079	0.548079	N/A	0.532563	0.570252	0.524168	0.558668	0.525639	0.633903	0.560775	0.541195	0.594604	0.533646	0.531762	0.525871	0.563003	0.563537	0.529407	0.545059	0.530099
N0.HOG0000730	0.651962	0.651962	0.630838	0.630838	0.580311	0.120549	0.223459	0.00120437	0.685639	0.0300323	0.67498	0.000175005	0.21415	1.90558e-05	0.0616125	0.000730966	0.533273	0.548079	0.0721351	N/A	0.516697	0.537172	0.512311	0.0155967	0.525639	0.633903	0.560775	0.541195	0.00660458	0.0347795	0.531762	0.525871	0.563003	0.563537	0.529407	0.545059	0.530099
N0.HOG0000742	0.361928	0.73863	0.712814	0.321714	0.00463176	0.580311	0.64854	0.223459	0.165744	0.0465734	0.585013	0.0209562	0.21415	3.46646e-11	0.000759108	0.0258095	0.548655	0.104722	0.00363005	N/A	0.532563	0.570252	0.524168	0.558668	0.525639	0.633903	0.560775	0.541195	0.594604	0.533646	0.531762	0.525871	0.0336623	0.5907	0.543132	0.565282	0.544123
N0.HOG0000743	0.361928	3.31898e-07	0.321714	0.321714	0.580311	0.120549	0.223459	0.0881139	0.560554	0.545573	0.545573	0.000175005	0.21415	5.59755e-05	0.000759108	0.548655	0.548655	0.104722	0.0378698	N/A	0.532563	0.570252	0.524168	0.558668	0.525639	0.633903	0.560775	0.541195	0.142046	0.517268	0.531762	0.525871	0.0336623	0.5907	0.543132	0.565282	0.544123
N0.HOG0000744	0.651962	0.651962	0.630838	0.630838	0.580311	0.580311	0.223459	0.0881139	0.230203	0.619233	0.619233	0.0441237	0.0136007	0.0321133	0.0898804	0.548655	0.0732063	9.96427e-08	0.104722	N/A	0.516697	0.537172	0.512311	0.0155967	0.525639	0.633903	0.560775	0.0214934	0.631624	0.549186	0.5465	0.53805	0.589976	0.5907	0.543132	0.565282	0.544123
N0.HOG0000751	0.361928	0.0592282	0.139021	0.00437897	0.580311	0.120549	0.223459	0.64854	0.00021186	0.227447	0.649005	0.657722	0.642394	0.541069	0.541069	0.533273	0.533273	0.548079	0.548079	N/A	0.532563	0.570252	0.524168	0.558668	0.525639	0.633903	0.560775	0.541195	0.00660458	0.563935	0.531762	0.525871	0.563003	0.563537	0.529407	0.545059	0.530099
N0.HOG0000756	0.16315	0.361928	0.712814	0.712814	0.580311	0.580311	0.223459	0.64854	0.00926804	0.545573	0.545573	0.140446	0.290501	5.59755e-05	0.559688	0.548655	0.548655	0.569491	0.00363005	N/A	0.532563	0.570252	0.524168	0.558668	0.525639	0.633903	0.560775	0.541195	0.594604	0.0504746	0.0164066	0.53805	0.589976	0.5907	0.543132	0.565282	0.544123
N0.HOG0000758	0.651962	0.651962	0.630838	0.630838	0.542872	0.542872	0.584708	0.584708	0.610341	0.585013	0.585013	0.657722	0.163129	0.00467369	0.577149	0.00306324	0.000941493	0.135223	6.73837e-06	N/A	0.516697	0.537172	0.512311	0.530736	0.513075	0.575211	0.531897	0.0107464	0.594604	0.533646	0.531762	0.000436442	0.614362	0.615234	0.556246	0.584123	0.557509
N0.HOG0000768	0.651962	0.0805696	0.630838	0.630838	0.0437592	0.580311	0.64854	0.000132182	0.165744	0.0465734	0.585013	0.00148292	0.21415	0.0321133	0.000759108	0.548655	0.0732063	0.569491	9.1021e-05	N/A	0.516697	0.537172	0.512311	0.0155967	0.525639	0.633903	0.560775	0.541195	0.594604	0.533646	0.531762	0.525871	0.0336623	0.5907	0.543132	0.565282	0.544123
N0.HOG0000769	0.361928	0.16315	0.0437541	0.712814	0.0437592	0.120549	0.584708	0.584708	0.165744	0.585013	0.00523611	0.657722	0.642394	0.00263032	0.559688	0.00171346	0.548655	0.104722	0.0378698	N/A	0.532563	0.570252	0.524168	0.558668	0.525639	0.633903	0.0911958	0.541195	0.594604	0.533646	0.531762	0.525871	0.0336623	0.5907	0.543132	0.565282	0.544123
N0.HOG0000770	0.16315	0.16315	0.139021	0.712814	0.61308	0.61308	0.64854	0.0881139	0.610341	0.585013	0.0465734	0.657722	0.21415	0.559688	0.000759108	0.0258095	0.0732063	0.569491	0.0378698	N/A	0.532563	0.570252	0.524168	0.558668	0.525639	0.0779012	0.560775	0.541195	0.594604	0.533646	0.531762	0.525871	0.0336623	0.5907	0.543132	0.565282	0.544123
N0.HOG0000772	0.651962	0.651962	0.630838	0.630838	0.542872	0.542872	0.584708	0.584708	1.77212e-15	0.545573	0.545573	0.590834	0.580681	0.541069	0.541069	0.517071	0.517071	0.524967	0.524967	N/A	0.516697	0.537172	0.512311	0.530736	0.513075	0.575211	0.531897	0.521271	0.551158	0.517268	0.516276	0.513196	0.533129	0.0169821	0.515041	0.52334	0.515404
N0.HOG0000774	0.361928	0.00680445	0.321714	0.139021	0.542872	0.542872	0.64854	0.0881139	0.0623076	0.0465734	0.127617	0.657722	0.21415	1.47658e-06	0.0898804	0.533273	0.0499143	0.607754	0.607754	N/A	0.532563	0.570252	0.524168	0.558668	0.525639	0.201306	0.560775	0.541195	0.594604	0.533646	0.531762	0.525871	0.0336623	0.5907	0.543132	0.0983464	0.00139792
N0.HOG0000783	0.651962	0.0805696	0.630838	0.630838	0.542872	0.0218742	0.64854	0.64854	0.560554	0.545573	0.545573	0.590834	0.00352204	0.000229592	0.521204	0.517071	0.000148208	0.524967	0.524967	N/A	0.516697	0.537172	0.512311	0.530736	0.513075	0.575211	0.0161943	0.521271	0.551158	0.517268	0.516276	0.513196	0.533129	0.533425	0.515041	0.52334	0.515404
N0.HOG0000784	0.651962	0.651962	0.630838	0.630838	0.0437592	0.120549	0.64854	0.00120437	0.610341	0.127617	0.00523611	0.657722	0.642394	0.0321133	0.000759108	0.034381	0.563262	0.050396	0.135223	N/A	0.516697	0.537172	0.512311	0.0155967	0.525639	0.633903	0.560775	0.541195	0.594604	0.533646	0.531762	0.525871	0.0336623	0.5907	0.0227209	0.584123	0.557509
N0.HOG0000785	0.73863	0.361928	0.139021	0.321714	0.580311	0.120549	0.64854	0.0881139	0.0929493	0.619233	0.619233	0.00148292	0.21415	0.541069	0.0616125	0.0172144	0.533273	2.97021e-08	0.548079	N/A	0.532563	0.570252	0.524168	0.558668	0.525639	0.633903	0.560775	0.541195	0.0524154	0.549186	0.531762	0.525871	0.563003	0.563537	0.529407	0.545059	0.530099
N0.HOG0000791	0.73863	0.361928	0.712814	0.139021	0.542872	0.542872	0.223459	0.0182071	0.560554	0.545573	0.545573	0.657722	0.21415	0.00467369	2.55073e-05	0.116747	0.0429187	0.607754	0.607754	N/A	0.532563	0.570252	0.524168	0.558668	0.525639	0.201306	0.560775	0.541195	0.142046	0.517268	0.531762	0.525871	0.00276105	0.615234	0.0302728	0.601687	0.570289
N0.HOG0000793	0.651962	0.651962	0.630838	0.630838	0.542872	0.542872	0.584708	0.0439698	0.560554	0.545573	0.545573	0.0472577	0.580681	0.541069	0.0616125	3.79022e-07	0.0429187	0.12269	0.0338746	N/A	0.516697	0.537172	0.512311	0.530736	0.513075	0.575211	0.531897	0.521271	0.551158	0.517268	0.516276	0.513196	0.0168293	0.563537	6.80396e-06	0.601687	5.20999e-08
N0.HOG0000808	0.00648998	0.00648998	0.321714	5.20358e-07	0.542872	0.542872	0.584708	0.0439698	0.560554	0.545573	0.545573	0.590834	0.580681	0.541069	0.0616125	0.533273	0.0499143	0.548079	0.548079	N/A	0.000699245	0.570252	0.524168	0.088032	0.513075	0.575211	0.531897	0.521271	0.551158	0.517268	0.516276	0.513196	0.0168293	0.563537	0.529407	0.545059	0.530099
N0.HOG0000810	0.73863	0.361928	0.139021	0.321714	0.542872	0.542872	0.223459	0.00120437	0.0623076	0.127617	0.0465734	0.0947479	0.21415	0.541069	0.541069	0.517071	0.517071	3.35116e-09	0.569491	N/A	0.532563	0.570252	0.524168	0.558668	0.525639	0.201306	0.560775	0.541195	0.594604	0.533646	0.531762	0.525871	0.563003	0.563537	0.529407	0.0676019	0.0155207
N0.HOG0000811	0.361928	0.73863	0.139021	0.321714	0.580311	0.120549	0.64854	0.000132182	0.610341	3.04949e-05	0.619233	0.00148292	0.21415	0.0011286	0.0616125	0.517071	0.517071	0.548079	0.548079	N/A	0.532563	0.570252	0.524168	0.558668	0.525639	0.633903	0.560775	0.541195	0.594604	0.0174145	0.531762	0.525871	0.563003	0.563537	0.529407	0.0676019	0.530099
N0.HOG0000813	0.361928	0.000271331	0.0865802	0.0865802	0.641828	0.641828	0.584708	0.584708	3.43112e-05	0.127617	0.585013	0.657722	0.580681	0.0107118	0.521204	0.517071	0.517071	0.524967	0.524967	N/A	0.532563	0.570252	0.0123854	0.558668	0.525639	0.0143316	0.0911958	0.541195	0.594604	0.533646	0.531762	0.0388094	0.533129	0.533425	0.515041	0.52334	0.515404
N0.HOG0000821	0.651962	0.651962	0.630838	0.630838	0.542872	0.542872	0.584708	0.0439698	0.0623076	0.000188796	0.127617	0.0472577	0.580681	0.0107118	0.521204	0.517071	0.517071	0.524967	0.524967	N/A	0.516697	0.537172	0.512311	0.530736	0.513075	0.575211	0.531897	0.521271	0.0261967	0.533646	0.516276	0.513196	0.533129	0.533425	0.515041	0.52334	0.515404
N0.HOG0000826	0.361928	0.16315	0.712814	0.139021	0.120549	0.580311	0.584708	0.584708	0.610341	0.585013	0.127617	0.0209562	0.21415	0.577149	0.577149	0.0258095	0.0732063	0.569491	0.00363005	N/A	0.532563	0.570252	0.524168	0.558668	0.525639	0.633903	0.0911958	0.541195	0.594604	0.533646	0.531762	0.525871	0.0336623	0.050863	0.543132	0.565282	0.544123
N0.HOG0000839	0.651962	0.651962	0.630838	0.630838	0.542872	0.542872	0.584708	0.584708	0.560554	0.545573	0.545573	0.590834	0.580681	1.90558e-05	0.541069	0.533273	0.0499143	0.0721351	0.548079	N/A	0.516697	0.537172	0.512311	0.530736	0.513075	0.575211	0.531897	0.521271	0.551158	0.517268	0.516276	0.513196	0.0168293	0.563537	0.529407	0.545059	0.530099
N0.HOG0000852	0.651962	0.651962	0.630838	0.630838	0.542872	0.542872	0.584708	0.584708	0.560554	0.0232798	0.545573	0.590834	0.580681	0.577149	3.54042e-06	0.0954658	1.50359e-06	0.135223	0.050396	N/A	0.516697	0.537172	0.512311	0.530736	0.513075	0.575211	0.531897	0.521271	0.551158	0.517268	0.516276	0.513196	1.91093e-05	0.615234	0.556246	0.584123	0.557509
N0.HOG0000853	0.651962	0.651962	0.712814	0.321714	0.0437592	0.580311	0.64854	1.39702e-05	0.610341	0.585013	0.585013	0.00148292	0.642394	0.541069	0.541069	0.533273	0.533273	0.548079	0.0252716	N/A	0.516697	0.0189177	0.524168	0.558668	0.525639	0.633903	0.560775	0.541195	0.594604	0.533646	0.531762	0.525871	0.563003	0.563537	0.529407	0.545059	0.530099
N0.HOG0000864	0.651962	0.651962	0.630838	0.630838	0.0437592	0.120549	0.223459	1.45173e-07	0.651476	7.32604e-09	0.180514	0.0947479	0.580681	0.521204	0.521204	0.00860709	0.517071	0.524967	0.524967	N/A	0.516697	0.537172	0.512311	0.0155967	0.525639	0.633903	0.560775	0.541195	0.0524154	0.549186	0.531762	0.0388094	0.533129	0.533425	0.515041	0.52334	0.515404
N0.HOG0000870	0.73863	5.19592e-05	0.321714	0.712814	0.120549	0.0437592	0.64854	0.223459	0.165744	0.585013	0.127617	0.237388	0.690055	0.559688	0.559688	0.0732063	0.548655	0.104722	0.569491	N/A	0.532563	0.570252	0.524168	0.558668	0.525639	0.633903	0.560775	0.541195	0.594604	0.533646	0.531762	0.0132817	0.589976	0.5907	0.543132	0.565282	0.544123
N0.HOG0000873	0.651962	0.651962	0.630838	0.630838	0.542872	0.542872	0.584708	0.584708	0.560554	0.545573	0.545573	3.23531e-15	0.21415	5.09433e-07	0.541069	0.517071	0.517071	0.0721351	0.00156582	N/A	0.516697	0.537172	0.512311	0.530736	0.513075	0.575211	0.531897	0.521271	0.551158	0.517268	0.00820321	0.525871	0.563003	0.563537	0.529407	0.0676019	0.530099
N0.HOG0000877	0.651962	0.651962	0.630838	0.630838	0.542872	0.542872	0.584708	0.0439698	0.0311319	0.545573	0.545573	0.590834	0.580681	0.0107118	0.521204	0.00860709	0.517071	0.0003195	0.524967	N/A	0.516697	0.537172	0.512311	0.530736	0.513075	0.575211	0.531897	0.521271	0.551158	0.517268	0.516276	0.513196	0.533129	0.533425	0.515041	0.52334	0.515404
N0.HOG0000881	0.651962	0.0133494	0.630838	0.630838	0.542872	0.542872	0.584708	0.584708	0.0311319	0.545573	0.545573	0.00148292	0.21415	0.559688	0.000759108	0.563262	0.563262	0.607754	0.00983005	N/A	0.516697	0.537172	0.512311	0.530736	0.513075	0.575211	0.531897	0.521271	0.551158	0.517268	0.00820321	0.525871	0.0336623	0.5907	0.0227209	0.584123	0.0310062
N0.HOG0000898	0.361928	0.73863	0.321714	0.712814	0.542872	0.542872	0.223459	0.0182071	0.651476	0.619233	0.180514	0.657722	0.642394	0.541069	0.541069	0.0258095	0.548655	0.569491	0.0378698	N/A	0.532563	0.570252	0.524168	0.558668	0.525639	0.201306	0.560775	0.541195	0.0524154	0.549186	0.531762	0.525871	0.563003	0.563537	0.0151528	0.565282	0.544123
N0.HOG0000901	0.651962	0.651962	0.630838	0.630838	0.580311	0.0437592	0.130804	0.130804	0.610341	0.585013	0.127617	0.237388	0.690055	0.559688	0.0321133	0.0258095	0.0732063	0.00107164	0.569491	N/A	0.516697	0.537172	0.512311	0.0155967	0.525639	0.633903	0.0323918	0.541195	0.594604	0.533646	0.531762	0.0132817	0.589976	0.5907	0.543132	0.565282	0.544123
N0.HOG0000926	0.361928	0.73863	0.712814	0.321714	0.580311	0.580311	0.64854	0.0881139	0.610341	0.585013	0.585013	0.0947479	0.642394	1.30837e-08	0.541069	0.533273	0.533273	0.548079	0.548079	N/A	0.532563	0.570252	0.524168	0.558668	0.525639	0.633903	0.560775	0.541195	0.594604	0.533646	0.531762	0.525871	0.563003	0.563537	0.529407	0.545059	0.530099
N0.HOG0000954	0.73863	0.16315	0.321714	0.0437541	0.542872	0.542872	0.584708	0.584708	0.560554	0.545573	0.545573	0.590834	0.580681	0.0321133	0.559688	0.563262	0.034381	0.104722	0.00363005	N/A	0.532563	0.570252	0.524168	0.088032	0.513075	0.575211	0.531897	0.521271	0.551158	0.517268	0.516276	0.513196	0.000567094	0.5907	0.543132	0.0353798	0.544123
N0.HOG0000956	0.651962	0.651962	0.321714	0.712814	0.120549	0.580311	0.64854	0.223459	0.165744	0.585013	0.000188796	0.237388	0.642394	0.559688	0.0321133	2.93356e-05	0.0732063	0.104722	0.569491	N/A	0.516697	0.0189177	0.524168	0.558668	0.525639	0.633903	0.560775	0.541195	0.594604	0.533646	0.531762	0.525871	0.0336623	0.5907	0.543132	0.565282	0.544123
N0.HOG0000964	0.73863	0.73863	0.000758283	0.321714	0.61308	0.0654531	0.584708	0.584708	0.610341	0.619233	0.619233	0.657722	0.642394	0.521204	0.521204	0.0499143	0.533273	0.548079	0.548079	N/A	0.532563	0.570252	0.524168	0.558668	0.525639	0.0779012	0.0911958	0.541195	0.594604	0.0174145	0.531762	0.525871	0.563003	0.0953441	0.529407	0.545059	0.530099
N0.HOG0000977	0.651962	0.651962	0.630838	0.630838	0.542872	0.542872	0.64854	0.64854	0.165744	0.619233	0.0696379	0.000175005	0.21415	0.521204	0.521204	0.548655	0.00171346	0.0378698	0.104722	N/A	0.516697	0.537172	0.512311	0.0155967	0.525639	0.201306	0.560775	0.541195	0.594604	0.0174145	0.531762	0.525871	0.563003	0.0953441	0.0151528	0.565282	0.544123
N0.HOG0000985	0.651962	0.651962	0.630838	0.630838	0.580311	0.120549	0.64854	1.39702e-05	0.165744	0.0117879	0.619233	0.657722	0.21415	0.0011286	0.0616125	0.517071	0.517071	0.548079	0.00156582	N/A	0.516697	0.537172	0.512311	0.0155967	0.525639	0.633903	0.560775	0.541195	0.594604	0.0174145	0.531762	0.525871	0.563003	0.563537	0.529407	0.0676019	0.530099
N0.HOG0000992	0.651962	0.651962	0.068977	0.630838	0.542872	0.542872	0.584708	0.000345442	0.560554	0.545573	0.0232798	0.0472577	0.580681	0.00263032	0.559688	3.37137e-14	0.0499143	0.0721351	0.548079	N/A	0.516697	0.537172	0.512311	0.530736	0.513075	0.575211	0.531897	0.521271	0.551158	0.517268	0.516276	0.513196	0.0168293	0.033968	0.529407	0.545059	0.530099
N0.HOG0000999	0.361928	0.73863	0.712814	0.139021	0.580311	0.580311	0.0881139	0.64854	0.610341	0.585013	0.585013	0.657722	0.642394	0.0214243	0.0616125	0.000730966	0.533273	0.0721351	0.548079	N/A	0.532563	0.570252	0.524168	0.558668	0.525639	0.633903	0.560775	0.541195	0.594604	0.533646	0.531762	0.525871	0.563003	0.563537	0.529407	0.545059	0.530099
N0.HOG0001002	0.651962	0.651962	0.712814	0.321714	0.00463176	0.580311	0.223459	0.0182071	0.651476	0.619233	0.619233	0.657722	0.21415	0.0214243	0.0616125	0.533273	0.533273	0.0252716	0.548079	N/A	0.516697	0.0189177	0.524168	0.558668	0.525639	0.633903	0.560775	0.541195	0.0524154	0.549186	0.531762	0.525871	0.563003	0.563537	0.529407	0.545059	0.530099
N0.HOG0001005	0.651962	0.651962	0.630838	0.630838	0.542872	0.542872	0.584708	0.584708	0.610341	0.585013	0.0465734	0.0947479	0.642394	0.577149	0.577149	0.0258095	0.0732063	0.569491	0.0378698	N/A	0.516697	0.537172	0.512311	0.530736	0.513075	0.575211	0.531897	0.0107464	0.594604	0.533646	0.531762	0.525871	0.0336623	0.050863	0.543132	0.565282	0.544123
N0.HOG0001006	0.361928	0.73863	0.712814	0.321714	0.542872	0.542872	0.64854	0.64854	0.12267	7.07981e-05	0.00729741	0.237388	0.21415	0.541069	0.541069	0.533273	0.533273	0.548079	0.548079	N/A	0.532563	0.570252	0.524168	0.558668	0.525639	0.201306	0.560775	0.541195	0.00660458	0.563935	0.531762	0.525871	0.563003	0.563537	0.529407	0.545059	0.530099
N0.HOG0001012	0.651962	5.71411e-12	0.630838	0.630838	0.542872	0.542872	0.584708	0.584708	0.560554	0.545573	0.545573	0.590834	0.580681	1.30837e-08	0.541069	0.517071	0.517071	0.524967	0.524967	N/A	0.516697	0.537172	0.512311	0.530736	0.513075	0.575211	0.531897	0.521271	0.551158	0.517268	0.516276	0.513196	0.533129	0.0169821	0.515041	0.52334	0.515404
N0.HOG0001055	0.73863	0.361928	0.139021	0.321714	0.00463176	0.120549	0.223459	0.64854	0.651476	0.0117879	0.619233	0.657722	0.642394	0.0616125	0.541069	0.533273	0.533273	0.548079	0.0721351	N/A	0.532563	0.570252	0.524168	0.558668	0.525639	0.633903	0.560775	0.541195	0.0524154	0.549186	0.531762	0.525871	0.563003	0.563537	0.529407	0.545059	0.530099
N0.HOG0001060	0.361928	0.73863	0.139021	0.321714	0.542872	0.542872	0.223459	0.000132182	0.610341	0.0465734	0.127617	0.657722	0.21415	0.0214243	0.541069	0.533273	0.533273	0.0721351	3.11012e-05	N/A	0.532563	0.570252	0.524168	0.558668	0.525639	0.201306	0.560775	0.541195	0.594604	0.533646	0.531762	0.525871	0.563003	0.563537	0.529407	0.545059	0.530099
N0.HOG0001064	0.651962	0.651962	0.630838	2.70644e-05	0.542872	0.542872	0.584708	0.584708	0.610341	0.0465734	0.585013	0.590834	0.580681	0.559688	0.00263032	0.533273	0.0172144	0.548079	0.0252716	N/A	0.516697	0.537172	0.512311	0.530736	0.513075	0.575211	0.531897	0.521271	0.0261967	0.533646	0.516276	0.513196	0.0168293	0.033968	0.529407	0.545059	0.530099
N0.HOG0001066	0.651962	0.00221183	0.630838	0.630838	0.0104679	0.61308	0.0881139	0.223459	0.560554	0.545573	0.545573	0.0947479	0.642394	0.559688	0.559688	0.000730966	0.0499143	0.524967	0.524967	N/A	0.516697	0.537172	0.512311	0.0155967	0.525639	0.0779012	0.560775	0.541195	0.142046	0.517268	0.531762	0.525871	0.563003	0.033968	0.529407	0.545059	0.0451529
N0.HOG0001069	0.651962	0.651962	0.630838	0.630838	0.61308	0.0104679	0.223459	0.64854	0.560554	0.545573	0.545573	0.0947479	1.09193e-05	0.0616125	1.90558e-05	0.533273	0.0499143	0.524967	0.524967	N/A	0.516697	0.537172	0.512311	0.0155967	0.525639	0.0779012	0.560775	0.541195	0.142046	0.517268	0.531762	0.525871	0.563003	0.563537	0.529407	0.545059	0.0451529
N0.HOG0001084	0.651962	0.651962	0.630838	0.630838	0.542872	0.542872	0.584708	0.0439698	0.00926804	0.545573	0.545573	0.0209562	0.21415	4.58873e-15	0.541069	0.517071	0.517071	0.548079	0.548079	N/A	0.516697	0.537172	0.512311	0.530736	0.513075	0.575211	0.531897	0.0107464	0.594604	0.0504746	0.531762	0.525871	0.563003	0.563537	0.529407	0.0676019	0.530099
N0.HOG0001098	0.651962	0.651962	0.630838	0.630838	0.542872	0.542872	0.584708	0.584708	5.00029e-06	0.0300323	0.011532	0.00450759	0.580681	0.521204	0.521204	0.517071	0.517071	0.524967	0.524967	N/A	0.516697	0.537172	0.512311	0.530736	0.513075	0.575211	0.531897	0.521271	3.79904e-06	0.577939	0.516276	0.513196	0.533129	0.533425	0.515041	0.52334	0.515404
N0.HOG0001102	0.651962	0.651962	0.139021	0.321714	0.120549	0.580311	0.64854	0.0182071	0.610341	0.0465734	0.585013	0.237388	0.0837733	0.0214243	0.541069	0.533273	0.0499143	0.0721351	0.0252716	N/A	0.516697	0.0189177	0.524168	0.558668	0.525639	0.633903	0.560775	0.541195	0.594604	0.533646	0.531762	0.525871	0.563003	0.563537	0.529407	0.545059	0.530099
N0.HOG0001135	0.651962	0.651962	0.630838	0.630838	0.542872	0.542872	0.584708	0.0439698	0.0929493	0.180514	0.0696379	0.0947479	0.642394	0.541069	0.0214243	0.533273	0.533273	0.548079	0.00156582	N/A	0.516697	0.537172	0.512311	0.530736	0.513075	0.575211	0.531897	0.0107464	0.0524154	0.549186	0.531762	0.525871	0.563003	0.563537	0.529407	0.545059	0.530099
N0.HOG0001152	0.361928	0.16315	0.321714	0.712814	0.120549	0.580311	0.64854	0.223459	0.651476	0.0696379	0.180514	0.657722	0.21415	0.541069	0.0214243	0.533273	0.0172144	0.548079	0.548079	N/A	0.532563	0.570252	0.524168	0.558668	0.525639	0.633903	0.560775	0.541195	0.0524154	0.549186	0.531762	0.525871	0.563003	0.563537	0.529407	0.545059	0.530099
N0.HOG0001159	0.651962	0.0805696	0.630838	0.630838	0.542872	0.542872	0.0881139	0.64854	0.610341	0.127617	0.585013	0.00148292	0.21415	0.0011286	0.0616125	0.000730966	0.533273	0.548079	0.548079	N/A	0.516697	0.537172	0.512311	0.0155967	0.525639	0.201306	0.560775	0.541195	0.594604	0.533646	0.531762	0.525871	0.563003	0.563537	0.529407	0.545059	0.530099
N0.HOG0001179	0.361928	0.73863	0.712814	0.321714	0.580311	0.120549	0.64854	0.223459	0.165744	0.127617	0.0465734	0.657722	0.642394	5.09433e-07	0.541069	0.533273	0.0172144	0.0252716	0.0721351	N/A	0.532563	0.570252	0.524168	0.558668	0.525639	0.633903	0.560775	0.541195	0.594604	0.533646	0.531762	0.525871	0.563003	0.563537	0.529407	0.545059	0.530099
N0.HOG0001278	0.651962	0.651962	0.630838	0.630838	0.542872	0.542872	0.584708	0.584708	0.560554	0.545573	0.545573	0.590834	0.580681	0.541069	0.0616125	0.533273	0.533273	0.569491	2.8276e-18	N/A	0.516697	0.537172	0.512311	0.530736	0.513075	0.575211	0.531897	0.521271	0.551158	0.517268	0.516276	0.513196	0.0168293	0.563537	0.529407	0.545059	0.0155207
N0.HOG0001291	0.651962	0.651962	0.068977	0.630838	0.542872	0.542872	0.584708	0.00389731	0.610341	0.585013	0.127617	0.0947479	0.21415	0.00263032	0.000759108	0.0258095	0.548655	0.569491	0.104722	N/A	0.516697	0.537172	0.512311	0.530736	0.513075	0.575211	0.531897	0.0107464	0.594604	0.533646	0.531762	0.525871	0.0336623	0.5907	0.543132	0.565282	0.544123
N0.HOG0001294	0.651962	0.0805696	0.630838	0.630838	0.542872	0.542872	0.64854	0.00120437	0.610341	0.585013	0.127617	0.0209562	0.21415	0.0214243	0.0616125	0.00171346	0.548655	0.524967	0.524967	N/A	0.516697	0.537172	0.512311	0.0155967	0.525639	0.201306	0.560775	0.541195	0.594604	0.533646	0.531762	0.525871	0.563003	0.563537	0.529407	0.023607	0.0451529
N0.HOG0001311	0.361928	0.73863	0.712814	0.321714	0.542872	0.542872	0.223459	0.000132182	0.165744	0.0465734	0.127617	0.00148292	0.21415	0.541069	0.0616125	0.0499143	0.0172144	0.0252716	0.548079	N/A	0.532563	0.570252	0.524168	0.558668	0.525639	0.201306	0.560775	0.541195	0.594604	0.533646	0.531762	0.525871	0.563003	0.563537	0.529407	0.545059	0.530099
N0.HOG0001326	0.651962	0.651962	0.139021	0.139021	0.0437592	0.120549	0.64854	0.00120437	1.86283e-07	0.127617	0.585013	0.590834	0.580681	0.521204	0.521204	0.517071	0.517071	0.524967	0.524967	N/A	0.516697	0.0189177	0.524168	0.558668	0.525639	0.633903	0.560775	0.541195	0.594604	0.533646	0.0476474	0.513196	0.533129	0.533425	0.515041	0.52334	0.515404
N0.HOG0001330	0.651962	0.651962	0.630838	0.630838	0.542872	0.542872	0.584708	0.584708	0.560554	0.545573	0.545573	0.590834	0.580681	0.00147437	0.00467369	0.57714	0.57714	0.58934	0.135223	N/A	0.516697	0.537172	0.512311	0.530736	0.513075	0.575211	0.531897	0.521271	0.551158	0.517268	0.516276	0.513196	1.91093e-05	0.615234	0.556246	0.0470934	0.557509
N0.HOG0001331	0.651962	0.651962	0.712814	0.321714	0.542872	0.542872	0.223459	1.39702e-05	0.0623076	0.0465734	0.127617	0.0947479	0.21415	0.541069	0.0616125	0.0499143	0.533273	0.548079	0.00156582	N/A	0.516697	0.0189177	0.524168	0.558668	0.525639	0.201306	0.560775	0.541195	0.594604	0.533646	0.531762	0.525871	0.563003	0.563537	0.529407	0.545059	0.530099
N0.HOG0001346	0.651962	0.651962	0.630838	0.630838	0.542872	0.542872	0.584708	0.000345442	0.165744	0.619233	0.619233	0.0947479	0.642394	0.559688	0.0321133	0.0499143	0.533273	0.548079	0.548079	N/A	0.516697	0.537172	0.512311	0.530736	0.513075	0.575211	0.531897	0.0107464	0.594604	0.0174145	0.531762	0.525871	0.563003	0.033968	0.529407	0.545059	0.530099
N0.HOG0001375	0.651962	0.651962	0.630838	0.630838	0.542872	0.542872	0.584708	0.584708	0.610341	0.127617	0.0465734	0.657722	0.21415	0.0321133	0.000759108	0.0429187	0.57714	0.00107164	0.569491	N/A	0.516697	0.537172	0.512311	0.530736	0.513075	0.575211	0.531897	0.0107464	0.594604	0.533646	0.531762	0.525871	0.0336623	0.5907	0.543132	0.00317881	0.544123
N0.HOG0001394	0.651962	0.651962	0.712814	0.321714	0.580311	0.120549	0.64854	0.000132182	0.610341	0.585013	0.585013	0.0209562	0.21415	0.0616125	0.541069	0.533273	0.0499143	0.548079	0.548079	N/A	0.516697	0.0189177	0.524168	0.558668	0.525639	0.633903	0.560775	0.541195	0.594604	0.533646	0.531762	0.525871	0.563003	0.563537	0.529407	0.545059	0.530099
N0.HOG0001395	0.651962	0.651962	0.630838	0.630838	0.0437592	0.580311	0.223459	0.0182071	0.0204154	0.619233	0.00389253	0.657722	0.21415	0.0214243	0.0616125	0.533273	0.0499143	0.548079	0.0721351	N/A	0.516697	0.537172	0.512311	0.0155967	0.525639	0.633903	0.560775	0.541195	0.0524154	0.549186	0.531762	0.525871	0.563003	0.563537	0.529407	0.545059	0.530099
N0.HOG0001419	0.651962	0.651962	0.630838	0.630838	0.542872	0.542872	0.584708	0.584708	0.560554	0.545573	0.545573	0.590834	0.580681	0.00147437	0.00467369	0.563262	0.563262	0.135223	0.050396	N/A	0.516697	0.537172	0.512311	0.530736	0.513075	0.575211	0.531897	0.521271	0.551158	0.517268	0.516276	0.513196	1.91093e-05	0.615234	0.556246	0.584123	0.557509
N0.HOG0001422	0.651962	0.651962	0.630838	0.630838	0.120549	0.580311	0.171155	0.0625469	0.165744	0.585013	0.127617	0.657722	0.21415	0.541069	0.0214243	0.533273	0.533273	0.0721351	0.548079	N/A	0.516697	0.537172	0.512311	0.0155967	0.525639	0.633903	0.00255894	0.541195	0.594604	0.533646	0.531762	0.525871	0.563003	0.563537	0.529407	0.545059	0.530099
N0.HOG0001429	0.00138251	0.361928	0.321714	0.321714	0.580311	0.120549	0.223459	0.64854	0.610341	0.127617	0.0465734	0.237388	0.21415	0.0011286	0.0616125	0.533273	0.533273	0.548079	0.548079	N/A	0.532563	0.570252	0.524168	0.558668	0.525639	0.633903	0.560775	0.541195	0.594604	0.533646	0.531762	0.525871	0.563003	0.563537	0.529407	0.545059	0.530099
N0.HOG0001444	0.651962	0.0805696	0.630838	0.630838	0.580311	0.580311	0.223459	0.0881139	0.610341	0.585013	0.585013	0.0947479	0.0837733	0.0616125	0.0011286	0.517071	0.517071	0.548079	0.548079	N/A	0.516697	0.537172	0.512311	0.0155967	0.525639	0.633903	0.560775	0.541195	0.594604	0.533646	0.531762	0.525871	0.563003	0.563537	0.529407	0.0676019	0.530099
N0.HOG0001459	0.651962	0.0805696	0.630838	0.630838	0.542872	0.542872	0.64854	0.64854	0.610341	0.000188796	0.127617	0.657722	0.21415	0.0214243	0.541069	0.0499143	0.533273	0.548079	0.00156582	N/A	0.516697	0.537172	0.512311	0.0155967	0.525639	0.201306	0.560775	0.541195	0.594604	0.533646	0.531762	0.525871	0.563003	0.563537	0.529407	0.545059	0.530099
N0.HOG0001466	0.651962	0.651962	0.630838	0.630838	0.542872	0.542872	0.584708	0.584708	0.560554	0.0232798	0.545573	0.590834	0.580681	0.541069	0.0616125	0.614786	0.614786	0.0721351	0.548079	N/A	0.516697	0.537172	0.512311	0.530736	0.513075	0.575211	0.531897	0.521271	0.551158	0.517268	0.516276	0.513196	0.0168293	0.563537	0.529407	5.82987e-10	0.530099
N0.HOG0001480	0.651962	0.0805696	0.630838	0.630838	0.120549	0.580311	0.223459	0.64854	0.0623076	0.127617	0.585013	0.0947479	0.21415	0.521204	0.521204	0.000730966	0.533273	0.548079	0.00156582	N/A	0.516697	0.537172	0.512311	0.0155967	0.525639	0.633903	0.560775	0.541195	0.594604	0.533646	0.531762	0.525871	0.563003	0.0953441	0.529407	0.545059	0.530099
N0.HOG0001482	0.651962	0.651962	0.712814	0.321714	0.542872	0.542872	0.64854	0.64854	0.610341	0.585013	0.585013	0.237388	0.21415	0.0214243	0.0616125	0.000730966	0.533273	0.00156582	0.548079	N/A	0.516697	0.0189177	0.524168	0.558668	0.525639	0.201306	0.560775	0.541195	0.594604	0.533646	0.531762	0.525871	0.563003	0.563537	0.529407	0.545059	0.530099
N0.HOG0001487	0.651962	0.651962	0.630838	0.630838	0.542872	0.542872	0.584708	0.0439698	0.610341	0.585013	0.0465734	0.657722	0.21415	0.541069	0.0616125	0.0732063	0.0258095	0.0378698	0.569491	N/A	0.516697	0.537172	0.512311	0.530736	0.513075	0.575211	0.531897	0.0107464	0.594604	0.533646	0.531762	0.525871	0.563003	0.563537	0.0151528	0.565282	0.544123
N0.HOG0001510	0.651962	1.00606e-05	0.630838	0.630838	0.542872	0.542872	0.697166	0.697166	0.0623076	0.00523611	0.127617	0.590834	0.580681	0.521204	0.521204	0.00860709	0.517071	0.524967	0.524967	N/A	0.516697	0.537172	0.512311	0.530736	0.513075	0.575211	0.000525061	0.521271	0.0261967	0.533646	0.516276	0.513196	0.533129	0.533425	0.515041	0.52334	0.515404
N0.HOG0001535	0.73863	0.361928	0.712814	0.321714	0.580311	0.580311	0.584708	0.584708	0.165744	0.585013	0.127617	0.657722	0.0165067	0.541069	0.0214243	0.533273	0.0499143	0.0721351	0.0252716	N/A	0.532563	0.570252	0.524168	0.558668	0.525639	0.633903	0.0911958	0.541195	0.594604	0.533646	0.531762	0.525871	0.563003	0.563537	0.529407	0.545059	0.530099
N0.HOG0001536	0.651962	0.0805696	0.630838	0.630838	0.0218742	0.542872	0.584708	0.00389731	0.560554	0.585013	0.585013	0.00450759	0.580681	0.521204	0.521204	0.034381	0.563262	0.524967	0.524967	N/A	0.516697	0.537172	0.512311	0.530736	0.513075	0.575211	0.531897	0.521271	0.551158	0.00870711	0.516276	0.513196	0.533129	0.533425	0.515041	6.58458e-06	0.515404
N0.HOG0001545	0.73863	0.361928	0.712814	0.321714	0.580311	0.580311	0.0881139	0.64854	0.165744	0.585013	0.127617	0.657722	0.642394	0.0214243	0.0616125	0.517071	0.517071	0.00156582	0.0721351	N/A	0.532563	0.570252	0.524168	0.558668	0.525639	0.633903	0.560775	0.541195	0.594604	0.533646	0.531762	0.525871	0.563003	0.563537	0.529407	0.0676019	0.530099
N0.HOG0001546	0.651962	0.651962	0.630838	0.630838	0.580311	0.120549	0.223459	0.00120437	0.610341	0.127617	0.585013	0.657722	0.21415	0.521204	0.521204	0.533273	0.533273	0.548079	3.11012e-05	N/A	0.516697	0.537172	0.512311	0.0155967	0.525639	0.633903	0.560775	0.541195	0.594604	0.533646	0.531762	0.525871	0.563003	0.0953441	0.529407	0.545059	0.530099
N0.HOG0001581	4.5761e-08	0.651962	0.630838	0.630838	0.542872	0.542872	0.584708	0.584708	0.560554	0.545573	0.545573	0.590834	0.580681	2.26067e-09	0.521204	0.517071	0.517071	0.524967	0.524967	N/A	0.516697	0.537172	0.512311	0.530736	0.513075	0.575211	0.531897	0.521271	0.551158	0.517268	0.516276	0.513196	0.533129	0.533425	0.515041	0.52334	0.515404
N0.HOG0001585	0.651962	0.0805696	0.068977	0.630838	0.542872	0.542872	0.000345442	0.584708	0.560554	0.545573	0.545573	0.590834	0.0837733	0.0214243	0.541069	0.533273	0.0499143	0.548079	0.0252716	N/A	0.516697	0.537172	0.512311	0.530736	0.513075	0.575211	0.531897	0.521271	0.551158	0.517268	0.516276	0.00664081	0.563003	0.563537	0.529407	0.545059	0.530099
N0.HOG0001619	0.651962	0.651962	0.630838	0.630838	0.542872	0.0218742	0.584708	0.584708	0.560554	0.545573	5.06864e-05	0.590834	0.580681	0.541069	0.541069	0.563262	0.563262	0.548079	0.548079	N/A	0.516697	0.537172	0.512311	0.530736	0.513075	0.575211	0.531897	0.521271	0.551158	0.517268	0.516276	0.513196	0.0168293	0.563537	0.529407	0.00136804	0.530099
N0.HOG0001624	0.651962	0.0805696	0.630838	0.630838	0.542872	0.542872	0.584708	0.0439698	0.610341	0.585013	0.0465734	0.590834	0.580681	0.0214243	0.541069	0.0172144	0.0499143	0.0721351	0.00156582	N/A	0.516697	0.537172	0.512311	0.530736	0.513075	0.575211	0.531897	0.521271	0.0261967	0.533646	0.516276	0.513196	0.0168293	0.563537	0.529407	0.545059	0.530099
N0.HOG0001636	0.651962	0.651962	0.630838	0.630838	0.542872	0.542872	0.584708	0.584708	0.560554	0.545573	0.545573	0.590834	0.580681	0.0107118	0.521204	0.517071	0.517071	0.0751205	0.0751205	N/A	0.516697	0.537172	0.512311	0.530736	0.513075	0.575211	0.531897	0.521271	0.551158	0.517268	0.516276	0.513196	0.533129	0.533425	0.515041	0.52334	4.50741e-10
N0.HOG0001648	1.66692e-06	0.651962	0.630838	0.630838	0.542872	0.542872	0.584708	0.00389731	0.610341	0.0465734	0.127617	0.590834	0.580681	0.0107118	0.521204	0.517071	0.517071	0.524967	0.524967	N/A	0.516697	0.537172	0.512311	0.530736	0.513075	0.575211	0.531897	0.521271	0.0261967	0.533646	0.516276	0.513196	0.533129	0.533425	0.515041	0.52334	0.515404
N0.HOG0001650	0.651962	0.651962	0.321714	0.712814	0.120549	0.580311	0.64854	0.64854	0.560554	0.545573	0.545573	0.657722	0.642394	0.0616125	1.90558e-05	0.0499143	0.533273	0.548079	0.548079	N/A	0.516697	0.0189177	0.524168	0.558668	0.525639	0.633903	0.560775	0.541195	0.142046	0.517268	0.531762	0.525871	0.563003	0.563537	0.529407	0.545059	0.530099
N0.HOG0001676	0.651962	0.651962	0.630838	0.630838	0.542872	0.542872	0.584708	0.584708	0.560554	0.545573	0.545573	0.590834	0.580681	0.521204	0.521204	0.590327	0.000218945	0.524967	0.524967	N/A	0.516697	0.537172	0.512311	0.530736	0.513075	0.575211	0.531897	0.521271	0.551158	0.517268	0.516276	0.513196	0.533129	0.533425	0.515041	3.67334e-09	0.515404
N0.HOG0001687	0.651962	0.651962	0.00970796	0.630838	0.542872	0.542872	0.584708	0.0439698	0.00194599	0.545573	0.545573	0.0472577	0.580681	0.0214243	0.0616125	0.0499143	0.533273	0.0252716	0.548079	N/A	0.516697	0.537172	0.512311	0.530736	0.513075	0.575211	0.531897	0.521271	0.551158	0.517268	0.516276	0.513196	0.0168293	0.563537	0.529407	0.545059	0.530099
N0.HOG0001701	0.651962	0.651962	0.630838	0.630838	0.542872	0.542872	0.64854	0.64854	0.560554	0.0232798	0.545573	0.590834	0.580681	0.0616125	0.0011286	0.548655	0.548655	0.548079	0.548079	N/A	0.516697	0.537172	0.512311	0.530736	0.513075	0.575211	0.0161943	0.521271	0.551158	0.517268	0.516276	0.513196	0.0168293	0.563537	0.529407	0.023607	0.530099
N0.HOG0001702	0.651962	2.76188e-07	0.630838	0.630838	0.542872	0.542872	0.584708	0.00389731	0.560554	0.545573	0.545573	0.590834	0.580681	0.521204	0.521204	0.00860709	0.517071	0.524967	0.0126352	N/A	0.516697	0.537172	0.512311	0.530736	0.513075	0.575211	0.531897	0.521271	0.551158	0.517268	0.516276	0.513196	0.533129	0.533425	0.515041	0.52334	0.515404
N0.HOG0001703	0.651962	0.00221183	0.630838	0.630838	0.542872	0.542872	0.64854	0.64854	0.560554	0.545573	0.545573	0.0947479	0.21415	0.0214243	0.0616125	0.533273	0.0499143	0.548079	0.548079	N/A	0.516697	0.537172	0.512311	0.530736	0.513075	0.575211	0.0161943	0.521271	0.551158	0.517268	0.00820321	0.525871	0.563003	0.563537	0.529407	0.545059	0.530099
N0.HOG0001704	0.651962	0.651962	0.630838	0.630838	0.542872	0.542872	0.584708	0.0439698	0.560554	0.0232798	0.545573	0.0472577	0.580681	0.0214243	0.0616125	0.0499143	0.0172144	3.11012e-05	0.548079	N/A	0.516697	0.537172	0.512311	0.530736	0.513075	0.575211	0.531897	0.521271	0.551158	0.517268	0.516276	0.513196	0.0168293	0.563537	0.529407	0.545059	0.530099
N0.HOG0001705	0.651962	0.0805696	0.630838	0.630838	0.542872	0.542872	0.697166	0.130804	0.560554	0.00108626	0.545573	0.000429948	0.580681	0.521204	0.521204	0.517071	0.517071	0.524967	0.0126352	N/A	0.516697	0.537172	0.512311	0.530736	0.513075	0.575211	0.000525061	0.521271	0.551158	0.517268	0.516276	0.513196	0.533129	0.533425	0.515041	0.52334	0.515404
N0.HOG0001709	0.651962	0.651962	0.630838	0.630838	0.542872	0.542872	0.584708	0.584708	0.560554	0.545573	0.545573	0.590834	0.580681	0.000229592	0.521204	0.57714	0.00475011	0.524967	0.524967	N/A	0.516697	0.537172	0.512311	0.530736	0.513075	0.575211	0.531897	0.521271	0.551158	0.517268	0.516276	0.513196	0.533129	0.533425	0.515041	1.55523e-07	0.515404
N0.HOG0001723	0.651962	0.651962	0.068977	0.630838	0.542872	0.542872	0.584708	0.00389731	0.560554	0.545573	0.00108626	0.0472577	0.580681	0.521204	0.521204	0.533273	0.533273	0.548079	0.0721351	N/A	0.516697	0.537172	0.512311	0.530736	0.513075	0.575211	0.531897	0.521271	0.551158	0.517268	0.516276	0.513196	0.533129	0.533425	0.00757633	0.545059	0.530099
N0.HOG0001724	0.0805696	0.651962	0.630838	0.630838	0.542872	0.542872	0.584708	0.00389731	0.610341	0.00523611	0.585013	0.590834	0.580681	0.0107118	0.521204	0.517071	0.517071	0.524967	0.0003195	N/A	0.516697	0.537172	0.512311	0.530736	0.513075	0.575211	0.531897	0.521271	0.0261967	0.533646	0.516276	0.513196	0.533129	0.533425	0.515041	0.52334	0.515404
N0.HOG0001725	0.651962	0.651962	0.00970796	0.630838	0.542872	0.542872	0.584708	3.06187e-05	0.610341	0.585013	0.127617	0.00450759	0.580681	0.0107118	0.521204	0.517071	0.517071	0.524967	0.524967	N/A	0.516697	0.537172	0.512311	0.530736	0.513075	0.575211	0.531897	0.521271	0.0261967	0.533646	0.516276	0.513196	0.533129	0.533425	0.515041	0.52334	0.515404
N0.HOG0001731	0.651962	0.651962	0.630838	0.630838	0.542872	0.542872	0.584708	0.0439698	0.610341	0.127617	0.585013	0.00148292	0.21415	0.521204	0.521204	0.533273	0.0172144	0.548079	0.0721351	N/A	0.516697	0.537172	0.512311	0.530736	0.513075	0.575211	0.531897	0.0107464	0.594604	0.533646	0.531762	0.525871	0.563003	0.0953441	0.529407	0.545059	0.530099
N0.HOG0001734	0.651962	0.651962	0.630838	0.630838	0.542872	0.542872	0.584708	0.000345442	0.0623076	0.0465734	0.585013	0.0472577	0.580681	0.0107118	0.521204	0.517071	0.517071	0.524967	0.0126352	N/A	0.516697	0.537172	0.512311	0.530736	0.513075	0.575211	0.531897	0.521271	0.0261967	0.533646	0.516276	0.513196	0.533129	0.533425	0.515041	0.52334	0.515404
N0.HOG0001744	1.66692e-06	0.651962	0.630838	0.630838	0.542872	0.542872	0.584708	0.584708	0.560554	0.545573	0.545573	0.590834	0.580681	0.000229592	0.521204	0.517071	0.517071	0.0003195	0.524967	N/A	0.516697	0.537172	0.512311	0.530736	0.513075	0.575211	0.531897	0.521271	0.551158	0.517268	0.516276	0.513196	0.533129	0.533425	0.515041	0.52334	0.515404
N0.HOG0001748	0.651962	0.651962	0.630838	0.630838	0.0218742	0.542872	0.584708	0.0439698	0.560554	0.0232798	0.545573	0.590834	0.580681	0.000229592	0.521204	2.13707e-07	0.533273	0.524967	0.524967	N/A	0.516697	0.537172	0.512311	0.530736	0.513075	0.575211	0.531897	0.521271	0.551158	0.517268	0.516276	0.513196	0.533129	0.533425	0.515041	0.0118031	0.515404
N0.HOG0001756	0.651962	6.07203e-05	0.630838	0.630838	0.542872	0.542872	0.0439698	0.584708	0.610341	0.585013	0.127617	0.0472577	0.580681	0.521204	0.0107118	0.517071	0.517071	0.0126352	0.524967	N/A	0.516697	0.537172	0.512311	0.530736	0.513075	0.575211	0.531897	0.521271	0.0261967	0.533646	0.516276	0.513196	0.533129	0.533425	0.515041	0.52334	0.515404
N0.HOG0001760	0.651962	0.651962	0.630838	0.630838	0.542872	0.542872	2.13215e-08	0.584708	0.560554	0.545573	0.545573	0.590834	0.580681	0.0616125	0.541069	0.533273	0.0499143	0.548079	0.548079	N/A	0.516697	0.537172	0.512311	0.530736	0.513075	0.575211	0.531897	0.521271	0.551158	0.517268	0.516276	0.513196	0.0168293	0.563537	0.529407	0.545059	0.530099
N0.HOG0001762	0.651962	0.651962	0.630838	2.10349e-10	0.542872	0.542872	0.584708	0.584708	0.560554	0.545573	0.545573	0.590834	0.580681	0.521204	0.521204	0.517071	0.517071	0.524967	0.524967	N/A	0.516697	0.537172	0.512311	0.530736	0.513075	0.575211	0.531897	0.521271	0.551158	0.517268	0.516276	0.513196	0.533129	0.533425	0.515041	0.52334	0.515404
N0.HOG0001764	0.651962	0.651962	0.139021	0.712814	0.542872	0.542872	0.0439698	0.584708	0.560554	0.545573	0.545573	0.590834	0.580681	0.0616125	0.0011286	0.533273	0.0499143	0.0721351	0.00156582	N/A	0.516697	0.537172	0.00619267	0.530736	0.513075	0.575211	0.531897	0.521271	0.551158	0.517268	0.516276	0.513196	0.0168293	0.563537	0.529407	0.545059	0.530099
N0.HOG0001787	0.651962	0.651962	0.630838	0.630838	0.0218742	0.542872	0.584708	0.584708	0.610341	0.585013	0.585013	3.91164e-06	0.580681	0.0107118	0.521204	0.517071	0.517071	0.524967	0.524967	N/A	0.516697	0.537172	0.512311	0.530736	0.513075	0.575211	0.531897	0.521271	0.0261967	0.533646	0.516276	0.513196	0.533129	0.533425	0.515041	0.52334	0.515404
N0.HOG0001791	0.651962	0.651962	0.630838	0.630838	0.542872	0.542872	0.584708	0.584708	0.610341	0.585013	0.585013	0.590834	0.580681	0.0107118	0.521204	0.517071	0.00860709	5.1658e-09	0.524967	N/A	0.516697	0.537172	0.512311	0.530736	0.513075	0.575211	0.531897	0.521271	0.0261967	0.533646	0.516276	0.513196	0.533129	0.533425	0.515041	0.52334	0.515404
N0.HOG0001796	0.651962	0.0805696	0.068977	0.630838	0.542872	0.542872	0.64854	0.0182071	0.560554	0.545573	0.0232798	0.0472577	0.580681	0.521204	0.521204	0.00860709	0.517071	0.524967	0.0126352	N/A	0.516697	0.537172	0.512311	0.530736	0.513075	0.575211	0.0161943	0.521271	0.551158	0.517268	0.516276	0.513196	0.533129	0.533425	0.515041	0.52334	0.515404
N0.HOG0001798	0.651962	0.651962	0.630838	0.630838	0.542872	0.542872	0.0439698	0.584708	0.610341	0.0465734	0.127617	0.00450759	0.580681	0.0107118	0.521204	0.517071	0.000148208	0.524967	0.524967	N/A	0.516697	0.537172	0.512311	0.530736	0.513075	0.575211	0.531897	0.521271	0.0261967	0.533646	0.516276	0.513196	0.533129	0.533425	0.515041	0.52334	0.515404
N0.HOG0001799	0.651962	0.651962	0.068977	0.630838	0.542872	0.542872	0.584708	0.584708	0.165744	0.0465734	0.585013	0.0209562	0.21415	0.541069	0.0616125	0.533273	0.0499143	0.548079	0.0721351	N/A	0.516697	0.537172	0.512311	0.530736	0.513075	0.575211	0.531897	0.0107464	0.594604	0.533646	0.531762	0.525871	0.563003	0.563537	0.529407	0.545059	0.530099
N0.HOG0001804	0.651962	0.651962	0.630838	0.630838	0.542872	0.542872	0.584708	0.0439698	0.0311319	0.545573	0.545573	4.10098e-05	0.580681	0.000229592	0.521204	0.517071	0.517071	0.548079	0.548079	N/A	0.516697	0.537172	0.512311	0.530736	0.513075	0.575211	0.531897	0.521271	0.551158	0.517268	0.516276	0.513196	0.533129	0.533425	0.515041	0.52334	0.00776029
N0.HOG0001808	0.651962	0.651962	0.630838	0.630838	0.542872	0.542872	0.584708	0.584708	0.560554	0.545573	0.545573	0.590834	0.580681	0.0214243	0.0616125	0.0499143	0.533273	0.050396	0.58934	N/A	0.516697	0.537172	0.512311	0.530736	0.513075	0.575211	0.531897	0.521271	0.551158	0.517268	0.516276	0.513196	0.0168293	0.563537	0.529407	0.545059	0.000594973
N0.HOG0001809	0.651962	0.651962	0.630838	0.630838	0.542872	0.542872	0.584708	0.584708	0.0623076	0.585013	0.127617	0.0947479	0.21415	0.0214243	0.541069	0.533273	0.0499143	0.0721351	0.548079	N/A	0.516697	0.537172	0.512311	0.530736	0.513075	0.575211	0.531897	0.0107464	0.594604	0.533646	0.531762	0.525871	0.563003	0.563537	0.529407	0.545059	0.530099
N0.HOG0001811	0.651962	0.0805696	0.630838	0.630838	0.580311	0.00015723	0.584708	0.584708	0.560554	0.545573	0.545573	0.590834	0.580681	0.521204	0.521204	0.533273	0.0172144	0.548079	0.0721351	N/A	0.516697	0.537172	0.512311	0.530736	0.513075	0.0388973	0.531897	0.521271	0.551158	0.517268	0.516276	0.513196	0.533129	0.533425	0.00757633	0.545059	0.530099
N0.HOG0001816	0.651962	0.651962	0.068977	0.630838	0.542872	0.542872	0.584708	0.0439698	0.560554	0.545573	0.545573	0.590834	0.580681	0.0616125	0.541069	0.0499143	0.0172144	0.569491	0.0378698	N/A	0.516697	0.537172	0.512311	0.530736	0.513075	0.575211	0.531897	0.521271	0.551158	0.517268	0.516276	0.513196	0.0168293	0.563537	0.529407	0.545059	0.0155207
N0.HOG0001821	0.651962	0.651962	0.068977	0.630838	0.542872	0.542872	0.584708	0.00389731	0.0311319	0.545573	0.545573	0.0472577	0.580681	0.0107118	0.521204	0.00860709	0.517071	8.07903e-06	0.524967	N/A	0.516697	0.537172	0.512311	0.530736	0.513075	0.575211	0.531897	0.521271	0.551158	0.517268	0.516276	0.513196	0.533129	0.533425	0.515041	0.52334	0.515404
N0.HOG0001838	0.651962	0.651962	0.630838	0.630838	0.542872	0.542872	0.64854	0.0881139	0.560554	0.545573	0.545573	4.10098e-05	0.580681	0.0107118	0.521204	0.517071	0.517071	0.524967	0.0126352	N/A	0.516697	0.537172	0.512311	0.530736	0.513075	0.575211	0.0161943	0.521271	0.551158	0.517268	0.516276	0.513196	0.533129	0.533425	0.515041	0.52334	0.515404
N0.HOG0001849	0.651962	0.651962	0.630838	0.630838	0.542872	0.542872	0.584708	0.000345442	0.610341	0.0465734	0.127617	0.0472577	0.580681	0.521204	0.521204	0.00860709	0.517071	0.524967	0.0126352	N/A	0.516697	0.537172	0.512311	0.530736	0.513075	0.575211	0.531897	0.521271	0.0261967	0.533646	0.516276	0.513196	0.533129	0.533425	0.515041	0.52334	0.515404
N0.HOG0001872	0.651962	0.651962	0.630838	0.630838	0.542872	0.542872	0.584708	0.584708	0.0311319	0.545573	0.545573	0.590834	0.580681	0.541069	0.0214243	0.533273	0.0499143	0.548079	0.00156582	N/A	0.516697	0.537172	0.512311	0.530736	0.513075	0.575211	0.531897	0.521271	0.551158	0.517268	0.516276	0.513196	0.0168293	0.563537	0.529407	0.545059	0.530099
N0.HOG0001889	0.651962	0.651962	0.068977	0.630838	0.542872	0.542872	0.584708	0.0439698	0.560554	0.545573	0.545573	0.590834	0.580681	0.521204	0.521204	9.94603e-06	0.533273	0.0721351	0.548079	N/A	0.516697	0.537172	0.512311	0.530736	0.513075	0.575211	0.531897	0.521271	0.551158	0.517268	0.516276	0.513196	0.533129	0.533425	0.00757633	0.545059	0.530099
N0.HOG0001898	0.651962	0.651962	0.630838	0.630838	0.542872	0.542872	0.584708	3.06187e-05	0.0311319	0.545573	0.545573	0.0472577	0.580681	0.0107118	0.521204	0.517071	0.517071	0.548079	0.548079	N/A	0.516697	0.537172	0.512311	0.530736	0.513075	0.575211	0.531897	0.521271	0.551158	0.517268	0.516276	0.513196	0.533129	0.533425	0.515041	0.52334	0.00776029
N0.HOG0001909	0.651962	0.651962	0.630838	0.630838	0.000958805	0.542872	0.584708	0.00389731	0.560554	0.545573	0.545573	0.590834	0.580681	0.0107118	0.521204	0.000148208	0.517071	0.524967	0.0126352	N/A	0.516697	0.537172	0.512311	0.530736	0.513075	0.575211	0.531897	0.521271	0.551158	0.517268	0.516276	0.513196	0.533129	0.533425	0.515041	0.52334	0.515404
N0.HOG0001925	0.651962	0.651962	0.630838	0.630838	0.542872	0.0218742	0.584708	0.0439698	0.560554	0.585013	0.0465734	0.590834	0.580681	0.521204	0.521204	0.517071	0.00860709	0.524967	0.0003195	N/A	0.516697	0.537172	0.512311	0.530736	0.513075	0.575211	0.531897	0.521271	0.551158	0.00870711	0.516276	0.513196	0.533129	0.533425	0.515041	0.52334	0.515404
N0.HOG0001945	0.651962	0.0805696	0.630838	0.630838	0.542872	0.542872	0.584708	0.584708	0.0311319	0.545573	0.545573	0.590834	0.580681	0.0214243	0.541069	0.517071	2.55203e-06	0.524967	0.524967	N/A	0.516697	0.537172	0.512311	0.530736	0.513075	0.575211	0.531897	0.521271	0.551158	0.517268	0.516276	0.513196	0.533129	0.0169821	0.515041	0.52334	0.515404
N0.HOG0001961	0.651962	0.651962	0.630838	0.630838	0.542872	0.542872	0.584708	2.40551e-07	0.560554	0.545573	0.545573	0.590834	0.580681	0.521204	0.0107118	0.517071	0.517071	0.524967	0.0126352	N/A	0.516697	0.537172	0.512311	0.530736	0.513075	0.575211	0.531897	0.521271	0.551158	0.517268	0.516276	0.513196	0.533129	0.533425	0.515041	0.52334	0.515404
N0.HOG0001974	0.651962	0.651962	0.630838	0.630838	0.0218742	0.542872	0.584708	0.584708	0.610341	0.585013	0.127617	0.0947479	0.21415	0.541069	0.0616125	0.533273	0.0499143	0.0721351	0.548079	N/A	0.516697	0.537172	0.512311	0.530736	0.513075	0.575211	0.531897	0.0107464	0.594604	0.533646	0.531762	0.525871	0.563003	0.563537	0.529407	0.545059	0.530099
N0.HOG0002005	0.0805696	0.651962	0.630838	0.630838	0.542872	0.542872	0.584708	0.584708	0.560554	0.545573	0.0232798	0.590834	0.642394	0.0214243	0.0616125	0.0499143	0.533273	0.548079	0.0721351	N/A	0.516697	0.537172	0.512311	0.530736	0.513075	0.575211	0.531897	0.521271	0.551158	0.517268	0.516276	0.00664081	0.563003	0.563537	0.529407	0.545059	0.530099
N0.HOG0002006	0.651962	0.651962	0.630838	0.630838	0.542872	0.542872	0.584708	0.584708	0.610341	0.127617	0.0465734	0.590834	0.580681	0.000229592	0.521204	0.517071	0.517071	0.548079	0.548079	N/A	0.516697	0.537172	0.512311	0.530736	0.513075	0.575211	0.531897	0.521271	0.0261967	0.533646	0.516276	0.513196	0.533129	0.533425	0.515041	0.52334	0.00776029
N0.HOG0002016	0.651962	0.651962	0.630838	0.630838	0.542872	0.542872	0.584708	0.584708	0.560554	0.545573	0.0232798	0.0472577	0.580681	0.521204	0.521204	0.533273	0.0499143	0.00156582	0.548079	N/A	0.516697	0.537172	0.512311	0.530736	0.513075	0.575211	0.531897	0.521271	0.551158	0.517268	0.516276	0.513196	0.533129	0.533425	0.00757633	0.545059	0.530099
N0.HOG0002058	0.651962	0.651962	0.630838	0.630838	0.0218742	0.542872	0.584708	0.0439698	0.560554	0.0232798	0.545573	0.0472577	0.580681	0.0107118	0.521204	0.517071	0.517071	0.0003195	0.524967	N/A	0.516697	0.537172	0.512311	0.530736	0.513075	0.575211	0.531897	0.521271	0.551158	0.517268	0.516276	0.513196	0.533129	0.533425	0.515041	0.52334	0.515404
N0.HOG0002066	0.651962	0.0805696	0.630838	0.630838	0.542872	0.542872	0.584708	0.584708	0.560554	0.545573	0.545573	0.590834	0.580681	0.521204	0.000229592	2.55203e-06	0.517071	0.524967	0.0126352	N/A	0.516697	0.537172	0.512311	0.530736	0.513075	0.575211	0.531897	0.521271	0.551158	0.517268	0.516276	0.513196	0.533129	0.533425	0.515041	0.52334	0.515404
N0.HOG0002076	0.651962	0.651962	0.630838	0.630838	0.542872	0.542872	0.584708	0.000345442	0.560554	0.545573	0.545573	0.590834	0.580681	0.0107118	0.521204	0.517071	0.000148208	0.524967	0.0126352	N/A	0.516697	0.537172	0.512311	0.530736	0.513075	0.575211	0.531897	0.521271	0.551158	0.517268	0.516276	0.513196	0.533129	0.533425	0.515041	0.52334	0.515404
N0.HOG0002078	0.651962	0.651962	0.630838	0.630838	0.542872	0.0218742	0.584708	0.0439698	0.0311319	0.545573	0.545573	0.590834	0.580681	0.000229592	0.521204	0.517071	0.517071	0.548079	0.548079	N/A	0.516697	0.537172	0.512311	0.530736	0.513075	0.575211	0.531897	0.521271	0.551158	0.517268	0.516276	0.513196	0.533129	0.533425	0.515041	0.52334	0.00776029
N0.HOG0002112	0.651962	0.651962	0.630838	0.630838	0.542872	0.542872	0.584708	0.00389731	0.0311319	0.545573	0.545573	0.590834	0.580681	0.521204	0.521204	0.517071	0.000148208	0.0126352	0.524967	N/A	0.516697	0.537172	0.512311	0.530736	0.513075	0.575211	0.531897	0.521271	0.551158	0.517268	0.516276	0.513196	0.533129	0.533425	0.515041	0.52334	0.515404
N0.HOG0002180	0.651962	0.651962	0.630838	0.630838	0.542872	0.0218742	0.0439698	0.584708	0.560554	0.0232798	0.545573	0.590834	0.580681	0.000229592	0.521204	0.517071	0.517071	0.524967	0.0126352	N/A	0.516697	0.537172	0.512311	0.530736	0.513075	0.575211	0.531897	0.521271	0.551158	0.517268	0.516276	0.513196	0.533129	0.533425	0.515041	0.52334	0.515404
N0.HOG0002204	0.651962	0.651962	0.630838	0.630838	4.2027e-05	0.542872	0.584708	0.584708	0.560554	0.0232798	0.545573	0.590834	0.580681	0.521204	0.0107118	0.517071	0.00860709	0.524967	0.524967	N/A	0.516697	0.537172	0.512311	0.530736	0.513075	0.575211	0.531897	0.521271	0.551158	0.517268	0.516276	0.513196	0.533129	0.533425	0.515041	0.52334	0.515404
N0.HOG0002269	0.651962	0.651962	0.630838	0.630838	0.542872	0.542872	0.584708	0.584708	0.560554	0.545573	0.545573	0.590834	0.580681	2.26067e-09	0.521204	0.517071	0.517071	0.524967	0.524967	N/A	0.516697	0.537172	0.512311	0.530736	0.513075	0.575211	0.531897	0.521271	0.551158	0.517268	0.516276	0.513196	0.533129	0.533425	0.515041	0.52334	0.515404
N0.HOG0002357	0.651962	0.651962	0.630838	0.630838	0.542872	0.542872	0.584708	0.584708	0.0311319	0.545573	0.545573	0.590834	0.580681	0.0107118	0.521204	0.517071	2.55203e-06	0.524967	0.524967	N/A	0.516697	0.537172	0.512311	0.530736	0.513075	0.575211	0.531897	0.521271	0.551158	0.517268	0.516276	0.513196	0.533129	0.533425	0.515041	0.52334	0.515404
